New series of generations:
Helper 1's score: [0.04573622810284504, 0.04016854134668762, 0.03864404141956763, 0.03991732064551214, 0.0057280482229845235, 0.04088541354313948, 0.036196785672023946, 0.008991683354296082]
Helper 2's score: [0.3052619308137832, 0.26573300496105084, 0.2556589157128087, 0.26408259952916513, 0.03788803227725607, 0.2704355493683867, 0.23945084451244036, 0.05948224774109509]
Helper 3's score: [9.818709538370797, 9.310275767571415, 8.960344900909217, 9.255578541090767, 1.3281150082380297, 9.479761557658355, 8.391870904490274, 2.084633884539274]
Helper 4's score: [17.429467624416407, 16.545909977659708, 15.924093689066343, 16.44877529434005, 2.2312738914105714, 15.926289763461334, 14.098564946474758, 3.5022400302979992]
Helper 5's score: [17.429467624416407, 16.545909977659708, 15.924093689066343, 16.44877529434005, 2.2312738914105714, 15.926289763461334, 14.098564946474758, 3.5022400302979992]
Helper 6's score: [17.429467624416407, 16.545909977659708, 15.924093689066343, 16.44877529434005, -4.219860988393297, -30.12034027798851, 14.098564946474758, 3.5022400302979992]
Helper 7's score: [17.429467624416407, 16.545909977659708, 15.924093689066343, 16.44877529434005, -4.219860988393297, -30.12034027798851, 14.098564946474758, 3.5022400302979992]
Helper 8's score: [17.429467624416407, 16.545909977659708, 15.924093689066343, 16.44877529434005, -4.219860988393297, -30.12034027798851, 14.098564946474758, 3.5022400302979992]
Helper 9's score: [17.429467624416407, 16.545909977659708, 15.924093689066343, 16.44877529434005, -4.219860988393297, -30.12034027798851, 14.098564946474758, 3.5022400302979992]
Helper 10's score: [17.4081683359096, 16.525660502005902, 15.89988840852307, 16.423772476071896, -4.222785583738917, -30.14121532748132, 14.08033514795207, 3.497711545989645]
Helper 11's score: [15.412436318268222, 14.628295390967745, 14.21657765932155, 14.684998464513916, -4.482024747899771, -31.991601361377484, 12.42333150990025, 3.08609344914316]
Helper 12's score: [23.023194404313834, 21.863929601056036, 22.573076205110098, 23.316834568413054, -3.4498431671311516, -24.62414055474551, 18.945267557882516, 4.706214758581703]
Helper 13's score: [42.050089619427865, 39.95301512627677, 39.98244817550291, 41.29982645153626, -0.8693892152096043, -6.2054885381655716, 35.25010767783819, 8.756518032178061]
Helper 14's score: [51.10711831358652, 48.56363524063325, 47.07132661634675, 48.62227574373009, 0.4217377402029816, 3.010261304323283, 42.421489358709344, 10.537968845835005]
Helper 15's score: [42.6313968732425, 48.56363524063325, 47.07132661634675, 48.62227574373009, 0.4217377402029816, 3.010261304323283, 42.421489358709344, 10.537968845835005]
Helper 16's score: [51.10711831358652, 56.62159994212284, 54.12780959813244, 55.91126218164729, 1.7740869724902846, 12.663000852665414, 49.143061749795486, 12.207682038913841]
Helper 17's score: [52.752235847581936, 58.1856318787598, 55.83128580058355, 57.67086607625468, 2.0695443780960967, 14.77190387553184, 51.30364765124525, 12.744395559877326]
---------------------------------------------------
Helper 1's score: [0.01925833451655635, 0.02309061802330364, 0.04373537454377354, 0.04377171537157458, 0.03211923330529356, 0.0034953178291186513, 0.008788774160431532, 0.030480557094731214]
Helper 2's score: [0.12812796363439294, 0.15276485374342735, 0.2893268794135822, 0.2895672884283137, 0.21248534027848176, 0.023123335206737827, 0.05813977697941776, 0.20163594596326165]
Helper 3's score: [4.249434648707524, 5.355920951382509, 10.140392673211606, 10.148818581708245, 7.451580154034998, 0.8109048158136658, 2.0388424569648267, 7.070958108864085]
Helper 4's score: [7.546479996766029, 9.518445829493775, 18.021245308250023, 18.03621961633219, 12.51894652366456, 1.3623518522385154, 3.425334332954613, 11.87948362289466]
Helper 5's score: [7.546479996766029, 9.518445829493775, 18.021245308250023, 18.03621961633219, 12.51894652366456, 1.3623518522385154, 3.425334332954613, 11.87948362289466]
Helper 6's score: [7.546479996766029, 9.518445829493775, 18.021245308250023, 18.03621961633219, 12.51894652366456, 1.3623518522385154, 3.425334332954613, 11.87948362289466]
Helper 7's score: [7.546479996766029, 9.518445829493775, 18.021245308250023, 18.03621961633219, 12.51894652366456, 1.3623518522385154, 3.425334332954613, 11.87948362289466]
Helper 8's score: [7.546479996766029, 9.518445829493775, 18.021245308250023, 18.03621961633219, 12.51894652366456, 1.3623518522385154, 3.425334332954613, 11.87948362289466]
Helper 9's score: [5.485826654229464, 6.9168677806742345, 18.021245308250023, 18.03621961633219, 8.899399116786302, 0.9684611119350515, 2.4349829929619085, 8.44482254144425]
Helper 10's score: [5.47815996383965, 6.90718857213706, 17.997429649779463, 18.012384168829236, 8.88373848340988, 0.9667568716583423, 2.4310966318012888, 8.431344159694456]
Helper 11's score: [4.478317405682821, 5.644885787926658, 15.715264805740853, 15.728323016356644, 7.16635057287697, 0.7798652193532674, 1.9121840464094786, 6.631691057055959]
Helper 12's score: [7.115953684129625, 8.974905690415671, 22.019946913771587, 22.0382438440558, 11.79937125368114, 1.2840453669417013, 3.1798337616001406, 11.028057241312485]
Helper 13's score: [7.115953684129625, 8.974905690415671, 41.72207850136763, 41.756746430615664, 11.79937125368114, 1.2840453669417013, 3.1798337616001406, 11.028057241312485]
Helper 14's score: [9.898986490095865, 12.488488934957902, 49.2944987585187, 49.335458803096095, 17.42760943332746, 1.8965282699069435, 4.790877064139295, 16.615354908626525]
Helper 15's score: [7.314193567805722, 12.488488934957902, 49.2944987585187, 49.335458803096095, 17.42760943332746, 1.8965282699069435, 4.790877064139295, 16.615354908626525]
Helper 16's score: [10.311117158603178, 16.272109627903127, 57.32464273805897, 57.372275232172285, 23.424360745048375, 2.5491139520562824, 6.50919392035435, 22.574690543680596]
Helper 17's score: [11.144679366802348, 17.32448321176226, 59.73192729058215, 59.781560058256716, 24.812616411328197, 2.700188379506054, 6.8510983468057605, 23.760457432345518]
---------------------------------------------------
Helper 1's score: [0.03517314553167144, 0.01657393878038439, 0.03211844771845937, 0.01675065672642029, 0.04169003947571853, 0.006923831489528982, 0.019253301421820485, 0.025703327278074044]
Helper 2's score: [0.23344657363233123, 0.10965450657500024, 0.21252979648557235, 0.11084015318149229, 0.2758597397812689, 0.04581445297271215, 0.12738185918175146, 0.1700559059511423]
Helper 3's score: [7.959212259538717, 3.849755172515975, 7.456179101846617, 3.88860313924699, 9.68010533659543, 1.6076602227856687, 4.472241685398532, 5.970482110468863]
Helper 4's score: [13.367248239673188, 6.4678256386746575, 12.526733615599348, 6.533037229492839, 16.263077254365342, 2.7009522616547383, 7.948129546371957, 10.61082307408304]
Helper 5's score: [13.367248239673188, 6.4678256386746575, 12.526733615599348, 6.533037229492839, 16.263077254365342, 2.7009522616547383, 7.948129546371957, 10.61082307408304]
Helper 6's score: [13.367248239673188, 6.4678256386746575, 12.526733615599348, 6.533037229492839, 16.263077254365342, 2.7009522616547383, 7.948129546371957, 10.61082307408304]
Helper 7's score: [13.367248239673188, 6.4678256386746575, 12.526733615599348, 6.533037229492839, 16.263077254365342, 2.7009522616547383, 7.948129546371957, 10.61082307408304]
Helper 8's score: [13.367248239673188, 6.4678256386746575, 12.526733615599348, 6.533037229492839, 16.263077254365342, 2.7009522616547383, 7.948129546371957, 10.61082307408304]
Helper 9's score: [13.367248239673188, 6.4678256386746575, 12.526733615599348, 6.533037229492839, 16.263077254365342, 2.7009522616547383, 7.948129546371957, 10.61082307408304]
Helper 10's score: [13.3510257725919, 6.459972221628291, 12.506901553510307, 6.52269426188922, 16.239733559309933, 2.697075368925943, 7.938383159407469, 10.597811561488994]
Helper 11's score: [11.456542509973335, 5.542838774899581, 10.738033646580913, 5.60018084022324, 13.77808527426117, 2.288247789808572, 6.867259074244426, 9.167851456819832]
Helper 12's score: [18.873277568443463, 9.133335414202916, 15.373969202011981, 8.017949151305158, 19.79680245622223, 3.287829082488864, 9.647969363023165, 12.880124227711175]
Helper 13's score: [34.32480894025623, 16.613536746084865, 29.86126781273407, 15.573475123436154, 38.60529364985055, 6.411520622114777, 18.337689015456725, 24.480976636746618]
Helper 14's score: [38.8736225744987, 18.815651280014798, 34.2197351527734, 17.846536104037458, 44.33232485636026, 7.362659059684309, 20.893506487121797, 27.89301551246768]
Helper 15's score: [34.796378762366174, 18.815651280014798, 34.2197351527734, 17.846536104037458, 44.33232485636026, 7.362659059684309, 20.893506487121797, 27.89301551246768]
Helper 16's score: [39.259910858794015, 20.976480386798684, 38.52033796876875, 20.08941913869957, 49.93869529282423, 8.293758302047992, 23.4030111866752, 31.243226428782677]
Helper 17's score: [40.43092222347156, 21.54337570344601, 39.492051543017915, 20.596194580069856, 51.19640601121122, 8.502637381708203, 23.919400913701363, 31.93261127068548]
---------------------------------------------------
Helper 1's score: [0.04116737798135977, 0.021241593038974705, 0.030435958546643244, 0.023697316807748166, 0.03975345302171781, 0.04317713704644665, 0.012198077488025072, 0.03848499725233153]
Helper 2's score: [0.2737344621312081, 0.14048359504944954, 0.20129027547102693, 0.15672381143658473, 0.2629279428534374, 0.2855720688142778, 0.08067634819702849, 0.25453429376381753]
Helper 3's score: [9.090439809515207, 4.924632788122432, 7.055826668997162, 5.493638705662682, 9.214869446427885, 10.008481042795664, 2.828048011320813, 8.922506030314164]
Helper 4's score: [16.143804087422406, 8.75195214258082, 12.53945578381807, 9.76317062104356, 17.27161679964489, 18.75909911937891, 5.300682508132219, 16.723680593209476]
Helper 5's score: [16.143804087422406, 8.75195214258082, 12.53945578381807, 9.76317062104356, 17.27161679964489, 18.75909911937891, 5.300682508132219, 16.723680593209476]
Helper 6's score: [16.143804087422406, 8.75195214258082, 12.53945578381807, 9.76317062104356, 17.27161679964489, 18.75909911937891, 5.300682508132219, 16.723680593209476]
Helper 7's score: [16.143804087422406, 8.75195214258082, 12.53945578381807, 9.76317062104356, 17.27161679964489, 18.75909911937891, 5.300682508132219, 16.723680593209476]
Helper 8's score: [16.143804087422406, 8.75195214258082, 12.53945578381807, 9.76317062104356, 17.27161679964489, 18.75909911937891, 5.300682508132219, 16.723680593209476]
Helper 9's score: [16.143804087422406, 8.75195214258082, 12.53945578381807, 9.76317062104356, 17.27161679964489, 18.75909911937891, 5.300682508132219, 16.723680593209476]
Helper 10's score: [16.12567617190758, 8.742115514388624, 12.525313432553759, 9.75215944234836, 17.25283795027668, 18.738702980399417, 5.2966383527635745, 16.71092126220809]
Helper 11's score: [14.224886697542173, 7.710702977427179, 10.862813644272375, 8.457743690160287, 14.936013016744996, 16.22234628521944, 4.726924865620051, 14.91347227823016]
Helper 12's score: [21.27825097544937, 11.538022331885564, 17.443168582057467, 13.58118198861734, 23.529876860176465, 25.55633890024157, 6.924822196119079, 21.847849667470435]
Helper 13's score: [38.91166167021737, 21.10632071803153, 31.15224136910974, 24.255011777069534, 41.433759867325364, 45.00215684820434, 12.419565522366648, 39.183793140571126]
Helper 14's score: [47.96224902896672, 26.017379725129295, 38.410334326593606, 29.906134214038108, 50.54779687563126, 54.90112146742941, 15.25488810001712, 48.12925046509404]
Helper 15's score: [39.15448389318251, 26.017379725129295, 38.410334326593606, 29.906134214038108, 50.54779687563126, 54.90112146742941, 15.25488810001712, 48.12925046509404]
Helper 16's score: [50.166425365812714, 31.992715049915013, 46.787328978531704, 36.42842907981564, 61.608989028485404, 66.91493594588364, 18.69869928701519, 58.99449248370557]
Helper 17's score: [53.421153356329185, 33.75880608687152, 49.14380056744327, 38.263168528067844, 64.27381489898717, 69.80926443988172, 19.515262372926607, 61.57075322221185]
---------------------------------------------------
Helper 1's score: [0.045876094618106246, 0.027458113769830175, 0.04362313173907686, 0.037930903280462086, 0.03633397752502778, 0.026028324202257085, 0.04158656460063422, 0.038859172909685956]
Helper 2's score: [0.3051222589252539, 0.1816621385413633, 0.2885822056305218, 0.250926132394762, 0.2403529233559224, 0.17217998793990869, 0.2751191332913291, 0.257075862697436]
Helper 3's score: [10.147097918502627, 6.367511538907051, 10.120735656720377, 8.800116589939911, 8.429819328499656, 6.038812301722377, 9.645818497645244, 9.013212138463762]
Helper 4's score: [18.020678446164528, 11.316191059199602, 17.98645841759226, 15.639468955976032, 14.981392452614642, 10.732118152748352, 17.142377989128377, 16.018121159076824]
Helper 5's score: [18.020678446164528, 11.316191059199602, 17.98645841759226, 15.639468955976032, 14.981392452614642, 10.732118152748352, 17.142377989128377, 16.018121159076824]
Helper 6's score: [18.020678446164528, 11.316191059199602, 17.98645841759226, 15.639468955976032, 14.981392452614642, 10.732118152748352, 17.142377989128377, 16.018121159076824]
Helper 7's score: [18.020678446164528, 11.316191059199602, 17.98645841759226, 15.639468955976032, 14.981392452614642, 10.732118152748352, 17.142377989128377, 16.018121159076824]
Helper 8's score: [18.020678446164528, 11.316191059199602, 17.98645841759226, 15.639468955976032, 14.981392452614642, 10.732118152748352, 17.142377989128377, 16.018121159076824]
Helper 9's score: [13.099690616375842, 8.223266359016758, 13.070381692047333, 11.364873727203456, 14.981392452614642, 10.732118152748352, 12.457028306951418, 11.64005302119366]
Helper 10's score: [13.077816821410064, 8.209518306171178, 13.0499563892522, 11.347113650062953, 14.963781320306094, 10.719502185752171, 12.436539666334344, 11.620908096959857]
Helper 11's score: [9.674576817581443, 6.070523975647931, 9.895685081568313, 8.604432069847133, 12.361427909597277, 8.855271983701735, 9.337990492974287, 8.72557256604835]
Helper 12's score: [15.973441239710962, 10.029467591881971, 16.18826329026582, 14.07591396267603, 16.29237178406627, 11.67125549431732, 15.335238086160793, 14.329499782538798]
Helper 13's score: [15.973441239710962, 10.029467591881971, 16.18826329026582, 14.07591396267603, 32.671304594353735, 23.404520121882257, 15.335238086160793, 14.329499782538798]
Helper 14's score: [23.731735980179494, 14.905688030558444, 24.27518915800503, 21.107605423074013, 39.73202199378123, 28.46255819234192, 22.6648838906967, 21.1784418969079]
Helper 15's score: [16.517488341845706, 14.905688030558444, 24.27518915800503, 21.107605423074013, 39.73202199378123, 28.46255819234192, 22.6648838906967, 21.1784418969079]
Helper 16's score: [24.715933546137233, 20.058550535511586, 32.35611335096071, 28.134078346043356, 47.21205062437908, 33.82097539577792, 30.431086742351756, 28.435310127364172]
Helper 17's score: [26.60221167314792, 21.244108478802925, 34.87835346237369, 30.32720024954042, 49.52931002474731, 35.48097474189867, 33.33659253256984, 31.150262732284467]
---------------------------------------------------
Helper 1's score: [0.04525127679081609, 0.03306060973105333, 0.03654066443295621, 0.01279637420390589, 0.017264381900952704, 0.022855270961860196, 0.0045950451142745975, 0.0051766579108727]
Helper 2's score: [0.30141745960669697, 0.21872441853297228, 0.24175038672498128, 0.0846598840080684, 0.11421660385207935, 0.15120445344403932, 0.0303997161394544, 0.034247526874702804]
Helper 3's score: [9.922102073576829, 7.6734240345312505, 8.479778530020557, 2.969579807052549, 4.006267440100771, 5.303655144707401, 1.066459182258187, 1.2014450838163762]
Helper 4's score: [15.69451284195891, 12.146243804130219, 13.422595415997904, 4.7005317608792385, 6.341497941849987, 8.395125559465418, 1.6880948619294267, 1.9017636179813802]
Helper 5's score: [15.69451284195891, 12.146243804130219, 13.422595415997904, 4.7005317608792385, 6.341497941849987, 8.395125559465418, 1.6880948619294267, 1.9017636179813802]
Helper 6's score: [15.69451284195891, 12.146243804130219, 13.422595415997904, 4.7005317608792385, 6.341497941849987, 8.395125559465418, -3.492202468664236, -3.934224166726986]
Helper 7's score: [15.69451284195891, 12.146243804130219, 13.422595415997904, 4.7005317608792385, 6.341497941849987, 8.395125559465418, -3.492202468664236, -3.934224166726986]
Helper 8's score: [15.69451284195891, 12.146243804130219, 13.422595415997904, 4.7005317608792385, 6.341497941849987, 8.395125559465418, -3.492202468664236, -3.934224166726986]
Helper 9's score: [15.69451284195891, 12.146243804130219, 13.422595415997904, 4.7005317608792385, 4.3954725237256405, 5.818900213833738, -3.492202468664236, -3.934224166726986]
Helper 10's score: [15.674460053723113, 12.130705667421735, 13.402427447929687, 4.693469030347701, 4.385865438855046, 5.80618197525846, -3.495082201436068, -3.9374683985166135]
Helper 11's score: [13.767191120284512, 10.652836102394714, 11.592646778785788, 4.059692085436057, 3.563895804857722, 4.7180260936747, -3.7204580888257035, -4.191370991714481]
Helper 12's score: [19.924429273225396, 15.423843856633612, 18.18306929342225, 6.367628023871642, 6.677536473856676, 8.83998664668539, -3.2231495450887118, -3.631116164382478]
Helper 13's score: [39.16579850116566, 30.33324308863017, 34.6591255800134, 12.137467869960604, 6.677536473856676, 8.83998664668539, -1.1510306128512466, -1.2967210504991313]
Helper 14's score: [45.03615500432942, 34.8819572525226, 39.93804218605103, 13.986120414470596, 9.346400092464803, 12.373133765040864, -0.43816475957304923, -0.49362498354219886]
Helper 15's score: [39.63595900010333, 34.8819572525226, 39.93804218605103, 13.986120414470596, 9.346400092464803, 12.373133765040864, -0.43816475957304923, -0.49362498354219886]
Helper 16's score: [45.517189235027935, 39.439097054218834, 45.29251511771185, 15.861232439976632, 12.047560258547886, 15.949036329140501, 0.27446474969069934, 0.3092048244158213]
Helper 17's score: [47.474379819756294, 40.955648992656094, 46.72927468949554, 16.364379096089593, 12.619600977391624, 16.706326436912587, 0.45745448164583435, 0.5153562810340153]
---------------------------------------------------
Helper 1's score: [0.04629046934067706, 0.008852881302288304, 0.038507363921477286, 0.0038818122436218515, 0.03753112110971037, 0.04294936574082367, 0.02857148850700992, 0.006341228394104132]
Helper 2's score: [0.30800085907631664, 0.05855745239072834, 0.25473073626962234, 0.025678644035322322, 0.24825250245692823, 0.2840919005038381, 0.18897532036623368, 0.04194166037227211]
Helper 3's score: [10.246894871509388, 2.053475199751764, 8.929364085628974, 0.9001425001730428, 8.706734646205422, 9.963697317622266, 6.628225347149808, 1.4710850911234425]
Helper 4's score: [15.216341877725924, 3.0509340734322823, 14.134144095244586, 1.4248208138556753, 15.47352036120422, 17.707381651317007, 11.779625368576667, 2.614399835724379]
Helper 5's score: [15.216341877725924, 3.0509340734322823, 14.134144095244586, 1.4248208138556753, 15.47352036120422, 17.707381651317007, 11.779625368576667, 2.614399835724379]
Helper 6's score: [15.216341877725924, 3.0509340734322823, 14.134144095244586, 1.4248208138556753, 15.47352036120422, 17.707381651317007, -20.416624765341204, -4.531317318031473]
Helper 7's score: [15.216341877725924, 3.0509340734322823, 14.134144095244586, 1.4248208138556753, 15.47352036120422, 17.707381651317007, -20.416624765341204, -4.531317318031473]
Helper 8's score: [15.216341877725924, 3.0509340734322823, 14.134144095244586, 1.4248208138556753, 15.47352036120422, 17.707381651317007, -20.416624765341204, -4.531317318031473]
Helper 9's score: [15.216341877725924, 3.0509340734322823, 14.134144095244586, 1.4248208138556753, 15.47352036120422, 17.707381651317007, -20.416624765341204, -4.531317318031473]
Helper 10's score: [15.201553755476517, 3.0479658269162635, 14.113269064017324, 1.4227164643611419, 15.458006444005294, 17.68962804086925, -20.429527526037578, -4.534180989361376]
Helper 11's score: [13.296804224357103, 2.665647770283972, 12.389799084689514, 1.2489786078588958, 13.919326499381638, 15.928813928588081, -21.71209239640005, -4.818836679289031]
Helper 12's score: [21.24791943430356, 4.2615819681728, 19.329505764176997, 1.9485496927690722, 20.686112214380433, 23.672498262282822, -16.56069237497319, -3.6755219346880947]
Helper 13's score: [41.1257074591697, 8.25141746289487, 36.6787724628957, 3.697477405044513, 37.603076501877425, 43.03170909651968, -3.682192321406042, -0.8172350731857541]
Helper 14's score: [50.34101695526959, 10.101098568075903, 43.219437025842836, 4.356822247076424, 43.815925792585496, 50.14148702452832, 1.8430387072811358, 0.40904867029159964]
Helper 15's score: [41.64170720766251, 10.101098568075903, 43.219437025842836, 4.356822247076424, 43.815925792585496, 50.14148702452832, 1.8430387072811358, 0.40904867029159964]
Helper 16's score: [51.83185105713455, 12.146446751489844, 49.70854925764493, 5.010970252715325, 50.46084072924418, 57.745706496069126, 7.679945523046986, 1.7045065259365124]
Helper 17's score: [53.823612233066065, 12.546229636124686, 51.50779830465334, 5.192347170497711, 52.595090833343164, 60.18807127476533, 9.303404968804626, 2.0648212197820612]
---------------------------------------------------
Helper 1's score: [0.017976997178287095, 0.008528440820116456, 0.007990969723349554, 0.008768291912216472, 0.027264012183656317, 0.022366635437288396, 0.03398087007916768, 0.030928300785838577]
Helper 2's score: [0.11982202841033984, 0.05641176855326677, 0.05286004880460283, 0.05800201408077492, 0.18037044456872972, 0.14797088374794673, 0.2247861602309975, 0.2045931713908687]
Helper 3's score: [3.8901740493371437, 1.9762796866553627, 1.8530203388061108, 2.0332730334905693, 6.321207646467795, 5.185742509193093, 7.87709123671428, 7.169476429502882]
Helper 4's score: [6.152385261893226, 3.1282004375166204, 2.7531004838068647, 3.0209085431954668, 10.005709967607235, 8.208405484460181, 13.233704790252578, 12.04489471018129]
Helper 5's score: [6.152385261893226, 3.1282004375166204, 2.7531004838068647, 3.0209085431954668, 10.005709967607235, 8.208405484460181, 13.233704790252578, 12.04489471018129]
Helper 6's score: [-12.699374842740792, -6.47113915299386, 2.7531004838068647, 3.0209085431954668, -20.698476041888096, -16.98045264276555, 13.233704790252578, 12.04489471018129]
Helper 7's score: [-12.699374842740792, -6.47113915299386, 2.7531004838068647, 3.0209085431954668, -20.698476041888096, -16.98045264276555, 13.233704790252578, 12.04489471018129]
Helper 8's score: [-12.699374842740792, -6.47113915299386, 2.7531004838068647, 3.0209085431954668, -20.698476041888096, -16.98045264276555, 13.233704790252578, 12.04489471018129]
Helper 9's score: [-12.699374842740792, -6.47113915299386, 1.8530203388061106, 2.0332730334905698, -20.698476041888096, -16.98045264276555, 13.233704790252578, 12.04489471018129]
Helper 10's score: [-12.705236259661977, -6.474123793748661, 1.8492222650305479, 2.029105501799021, -20.710470049836605, -16.990292192477057, 13.218406760270152, 12.030970932725772]
Helper 11's score: [-13.740217285725763, -7.001137413897534, 1.290360256151056, 1.4158801484123653, -22.066646114826682, -18.102861224139716, 11.432984867488047, 10.405937047456325]
Helper 12's score: [-9.517423022287742, -4.850885345623187, 3.018514134552504, 3.3121403270457677, -17.153976353307428, -14.072643923783598, 16.330460116437347, 14.863462332648012]
Helper 13's score: [-1.9767189804341347, -1.011149509418995, 3.018514134552504, 3.3121403270457677, -4.872301949509296, -3.997100672893305, 31.63507026940391, 28.79322884887204]
Helper 14's score: [2.0526531305974904, 1.0406117593241166, 4.584263619670407, 5.030198212661393, 0.008977830821192967, 0.0073651620914283455, 39.02597116340472, 35.52019038327132]
Helper 15's score: [-1.8127759238152206, 1.0406117593241166, 4.584263619670407, 5.030198212661393, 0.008977830821192967, 0.0073651620914283455, 39.02597116340472, 35.52019038327132]
Helper 16's score: [2.6182059337365113, 3.296873208331971, 6.139658015545624, 6.736893716939041, 5.174942090180411, 4.245378206276244, 46.78804851095377, 42.58498485053004]
Helper 17's score: [3.66029233930493, 3.8275048965236067, 6.532100192944761, 7.16751073705448, 6.464239323016187, 5.303081708713398, 48.63959084912574, 44.270199449782005]
---------------------------------------------------
Helper 1's score: [0.011415962679506194, 0.010417081370707137, 0.009988158723713544, 0.01703123982459761, 0.00759580780452, 0.033169364894201886, 0.009642008187241275, 0.02610764205326592]
Helper 2's score: [0.07583224727541975, 0.06891965387106619, 0.06606941312923598, 0.11265780322482463, 0.05024904819462589, 0.219427486588335, 0.06379507713638909, 0.17273777477613517]
Helper 3's score: [2.5567011223712397, 2.4178565777497134, 2.3179048629609613, 3.9523594592028997, 1.762828213466571, 7.697916240517845, 2.2377484782874753, 6.059146097145705]
Helper 4's score: [4.541396222447895, 4.297006116852631, 4.119373222826342, 7.02412078398536, 3.132891545684127, 13.680707243661454, 3.9769111992083443, 10.76827275504136]
Helper 5's score: [4.541396222447895, 4.297006116852631, 4.119373222826342, 7.02412078398536, 3.132891545684127, 13.680707243661454, 3.9769111992083443, 10.76827275504136]
Helper 6's score: [4.541396222447895, 4.297006116852631, 4.119373222826342, 7.02412078398536, 3.132891545684127, 13.680707243661454, 3.9769111992083443, 10.76827275504136]
Helper 7's score: [4.541396222447895, 4.297006116852631, 4.119373222826342, 7.02412078398536, 3.132891545684127, 13.680707243661454, 3.9769111992083443, 10.76827275504136]
Helper 8's score: [4.541396222447895, 4.297006116852631, 4.119373222826342, 7.02412078398536, 3.132891545684127, 13.680707243661454, 3.9769111992083443, 10.76827275504136]
Helper 9's score: [4.541396222447895, 4.297006116852631, 4.119373222826342, 7.02412078398536, 3.132891545684127, 13.680707243661454, 3.9769111992083443, 10.76827275504136]
Helper 10's score: [4.537160065551274, 4.292995237660383, 4.112772657756466, 7.012865876069648, 3.129517548303101, 13.665973675729846, 3.972428348313809, 10.75613455060719]
Helper 11's score: [4.013337069248102, 3.7970290098823254, 3.6140155912905483, 6.162413710844582, 2.7524002652853725, 12.01917835254098, 3.6067995156157573, 9.766122252021354]
Helper 12's score: [5.998032169324758, 5.676178548985243, 5.415483951155929, 9.234175035627043, 4.122463597502929, 18.001969355684587, 4.998129692352452, 13.533423578337878]
Helper 13's score: [10.959769919516397, 10.374052396742538, 9.91915485081938, 16.913578347583194, 7.547621928046819, 32.95894686354361, 9.346036494654625, 25.30624022307702]
Helper 14's score: [12.558069085844561, 11.887354435750014, 11.931093216158326, 20.344221147746527, 8.816263029977945, 38.498847386657886, 10.735514500455976, 29.068526430669063]
Helper 15's score: [11.07338554619212, 11.887354435750014, 11.931093216158326, 20.344221147746527, 8.816263029977945, 38.498847386657886, 10.735514500455976, 29.068526430669063]
Helper 16's score: [13.178286304618517, 13.880317128055534, 14.282241737431425, 24.35326580119016, 10.430764495003231, 45.54905055053735, 12.581190146966508, 34.06605787741574]
Helper 17's score: [13.827439368547374, 14.49494840358095, 15.004500858000997, 25.58482094945976, 10.886868785490012, 47.54076624823635, 13.10625804807222, 35.48778295268242]
---------------------------------------------------
Helper 1's score: [0.039998773953850986, 0.029514348085346476, 0.022576686747217523, 0.03845840555371316, 0.002783943077890788, 0.019862890674721072, 0.038920305327276826, 0.013232508888348935]
Helper 2's score: [0.266140849519656, 0.19523664571198182, 0.1493444529627723, 0.2544017908184691, 0.018418734075271653, 0.1314140738757707, 0.25746669924907445, 0.08753606523943516]
Helper 3's score: [8.797922547751362, 6.843459826787068, 5.234645722569427, 8.916991690704847, 0.6454437050550854, 4.605114900520609, 9.021699803162152, 3.067286390214755]
Helper 4's score: [14.770169736513557, 11.49721605353963, 8.794356611294086, 14.980804620625312, 1.084361184740955, 7.736705479171995, 15.156662975901307, 5.153111617697479]
Helper 5's score: [14.770169736513557, 11.49721605353963, 8.794356611294086, 14.980804620625312, 1.084361184740955, 7.736705479171995, 15.156662975901307, 5.153111617697479]
Helper 6's score: [14.770169736513557, 11.49721605353963, 8.794356611294086, 14.980804620625312, 1.084361184740955, 7.736705479171995, 15.156662975901307, 5.153111617697479]
Helper 7's score: [14.770169736513557, 11.49721605353963, 8.794356611294086, 14.980804620625312, 1.084361184740955, 7.736705479171995, 15.156662975901307, 5.153111617697479]
Helper 8's score: [14.770169736513557, 11.49721605353963, 8.794356611294086, 14.980804620625312, 1.084361184740955, 7.736705479171995, 15.156662975901307, 5.153111617697479]
Helper 9's score: [14.770169736513557, 11.49721605353963, 6.251705976490759, 10.649509670682123, 1.084361184740955, 7.736705479171995, 15.156662975901307, 5.153111617697479]
Helper 10's score: [14.752998109834156, 11.483835400988424, 6.240349420590136, 10.63016427082741, 1.0828209757543115, 7.725716388568497, 15.140128408241155, 5.147490032468685]
Helper 11's score: [12.65630841629098, 9.850031171442325, 4.867516222679985, 8.29160252906357, 0.9189047439694724, 6.556206057121187, 12.863599659947056, 4.373493357903253]
Helper 12's score: [16.7515636314422, 13.041178298358366, 8.122109035228243, 13.835660064990853, 1.219876730039783, 8.703582453910709, 18.472708846451425, 6.280533565887457]
Helper 13's score: [33.81512702790561, 26.33762466050854, 8.122109035228243, 13.835660064990853, 2.4739266719994104, 17.650984107200387, 36.00117505427758, 12.240034215838097]
Helper 14's score: [42.667905497390805, 33.23597826582315, 13.493330969387884, 22.985303401755925, 2.9856429193114074, 21.30197968881172, 43.96781368392138, 14.948610512724034]
Helper 15's score: [34.21461772865429, 33.23597826582315, 13.493330969387884, 22.985303401755925, 2.9856429193114074, 21.30197968881172, 43.96781368392138, 14.948610512724034]
Helper 16's score: [43.947672752125555, 40.8202700724375, 19.346764155396983, 32.956372667570385, 3.488270536760396, 24.888129669668633, 52.36224735264124, 17.802632782075104]
Helper 17's score: [44.996684791514035, 41.63769208394241, 20.14443799038178, 34.31517540904049, 3.5904178480334434, 25.616930805240138, 53.65707816406013, 18.242862119356293]
---------------------------------------------------
Helper 1's score: [0.01794323403058731, 0.008527143503831094, 0.007993563174616495, 0.00877113764165306, 0.02725800643437137, 0.02236170848802358, 0.03397819058119901, 0.030925861992513473]
Helper 2's score: [0.11957614977885157, 0.05640786027905628, 0.05287913529981902, 0.05802295721626792, 0.18030703317145552, 0.14791886280562, 0.22476578696983007, 0.204574628300362]
Helper 3's score: [3.889928170705655, 1.9762757783811522, 1.853039425301327, 2.0332939766260623, 6.321144235070522, 5.185690488250766, 7.877070863453113, 7.169457886412375]
Helper 4's score: [6.152139383261738, 3.12819652924241, 2.753119570302081, 3.0209294863309593, 8.777479115830149, 7.200799138428825, 10.937992894046427, 9.95541118965718]
Helper 5's score: [6.152139383261738, 3.12819652924241, 2.753119570302081, 3.0209294863309593, 8.777479115830149, 7.200799138428825, 10.937992894046427, 9.95541118965718]
Helper 6's score: [6.152139383261738, 3.12819652924241, -6.247681879705459, -6.8554256107180125, 8.777479115830149, 7.200799138428825, 10.937992894046427, 9.95541118965718]
Helper 7's score: [6.152139383261738, 3.12819652924241, -6.247681879705459, -6.8554256107180125, 8.777479115830149, 7.200799138428825, 10.937992894046427, 9.95541118965718]
Helper 8's score: [6.152139383261738, 3.12819652924241, -6.247681879705459, -6.8554256107180125, 8.777479115830149, 7.200799138428825, 10.937992894046427, 9.95541118965718]
Helper 9's score: [6.152139383261738, 3.12819652924241, -6.247681879705459, -6.8554256107180125, 8.777479115830149, 7.200799138428825, 10.937992894046427, 9.95541118965718]
Helper 10's score: [6.143654336711147, 3.123875933031322, -6.252738450537034, -6.860974059862614, 8.766707196523749, 7.191962156165789, 10.921730166905785, 9.9406093757121]
Helper 11's score: [5.315737661413857, 2.702299736712577, -6.638575271949746, -7.284343187484623, 7.2074332003247, 5.912777244389138, 8.944403015135327, 8.140909463394253]
Helper 12's score: [9.538531924851878, 4.852551804986925, -4.622395747148056, -5.072039645745653, 13.102636914147803, 10.74903800481648, 17.514984700796603, 15.941578712479709]
Helper 13's score: [17.079235966705486, 8.692287641191117, -1.0220751671450405, -1.1214976069260638, 25.384311317945937, 20.824581255706775, 32.81959485376317, 29.871345228703735]
Helper 14's score: [20.35958304866748, 10.36264443757072, 0.45763116839515106, 0.5021472751789389, 30.49563008814165, 25.0177646641733, 39.406173979214856, 35.8662388222784]
Helper 15's score: [17.241408906460975, 10.36264443757072, 0.45763116839515106, 0.5021472751789389, 30.49563008814165, 25.0177646641733, 39.406173979214856, 35.8662388222784]
Helper 16's score: [20.925135851806502, 12.238402759913962, 2.131883323301513, 2.3392624360561762, 36.27300527736052, 29.75736218823676, 46.82406987687357, 42.61777034534781]
Helper 17's score: [21.98072072281639, 12.77590788342433, 2.5547701369243248, 2.8032855967042716, 37.79393532998626, 31.005090797787787, 48.733221329269846, 44.35541891726097]
---------------------------------------------------
Helper 1's score: [0.019014779503523236, 0.02308440296078744, 0.04371718315825273, 0.04375350887037188, 0.03211488824629289, 0.0034948449858832834, 0.00878789106701887, 0.030477494417423406]
Helper 2's score: [0.12628162858788317, 0.15269706282355827, 0.2891957095844749, 0.289436009606881, 0.21244322899689144, 0.02311875252221511, 0.05812796888438558, 0.20159499402750378]
Helper 3's score: [4.247588313661014, 5.35585316046264, 10.140261503382497, 10.148687302886811, 7.451538042753407, 0.810900233129143, 2.0388306488697947, 7.070917156928327]
Helper 4's score: [6.720372324704893, 8.47774681904609, 17.036007559041114, 17.050163208182763, 12.51890441238297, 1.3623472695539927, 3.425322524859581, 11.879442670958904]
Helper 5's score: [6.720372324704893, 8.47774681904609, 17.036007559041114, 17.050163208182763, 12.51890441238297, 1.3623472695539927, 3.425322524859581, 11.879442670958904]
Helper 6's score: [6.720372324704893, 8.47774681904609, 17.036007559041114, 17.050163208182763, 12.51890441238297, 1.3623472695539927, 3.425322524859581, 11.879442670958904]
Helper 7's score: [6.720372324704893, 8.47774681904609, 17.036007559041114, 17.050163208182763, 12.51890441238297, 1.3623472695539927, 3.425322524859581, 11.879442670958904]
Helper 8's score: [6.720372324704893, 8.47774681904609, 17.036007559041114, 17.050163208182763, 12.51890441238297, 1.3623472695539927, 3.425322524859581, 11.879442670958904]
Helper 9's score: [6.720372324704893, 8.47774681904609, 17.036007559041114, 17.050163208182763, 12.51890441238297, 1.3623472695539927, 3.425322524859581, 11.879442670958904]
Helper 10's score: [6.712045634762352, 8.467234360047442, 17.01630228458873, 17.03044156011993, 12.502680936612494, 1.3605817789654775, 3.420610589262179, 11.863101094832174]
Helper 11's score: [5.799855247013587, 7.315592577257254, 14.72774320062159, 14.739980854583283, 10.802221407697148, 1.1755323273606366, 2.9500851946803226, 10.23126076166687]
Helper 12's score: [9.096900595072093, 11.478117455368519, 22.60859583566001, 22.62738188920723, 17.7517524289034, 1.9318025487432875, 4.851559767466315, 16.82581003805166]
Helper 13's score: [17.339513965218355, 21.88442965064668, 42.310727423256054, 42.34588447576709, 32.229942056416434, 3.5073655099571432, 8.812965127437133, 30.564454363853308]
Helper 14's score: [21.226150814886783, 26.791314716226843, 51.51409494160696, 51.556899304736994, 38.92794998238412, 4.236264182621114, 10.744710723016802, 37.263987295721314]
Helper 15's score: [17.544600860972224, 26.791314716226843, 51.51409494160696, 51.556899304736994, 38.92794998238412, 4.236264182621114, 10.744710723016802, 37.263987295721314]
Helper 16's score: [21.6382814833941, 31.9595928668162, 61.14646167854377, 61.197269818583344, 45.93531190118872, 4.998827747482051, 12.76725176082022, 44.27841006434291]
Helper 17's score: [22.34607411181558, 32.853182160661696, 62.63726947614084, 62.68931636604873, 47.052361326009034, 5.120388643206723, 13.088360740328044, 45.392055767925136]
---------------------------------------------------
Helper 1's score: [0.035276465935590626, 0.01657731964945282, 0.032099579146798334, 0.016740816245660376, 0.04168832314246958, 0.006923546442972415, 0.0192587328635068, 0.025710578300649163]
Helper 2's score: [0.23420697213133873, 0.10968478404702803, 0.21239465395935211, 0.11076967262509367, 0.2758494388295398, 0.04581274220306908, 0.12743309577321205, 0.1701243072528241]
Helper 3's score: [7.9599726580377235, 3.8497854499880027, 7.456043959320397, 3.8885326586905915, 9.6800950356437, 1.6076585120160254, 4.472292921989993, 5.970550511770545]
Helper 4's score: [12.595432069581555, 6.093845849552588, 11.802233542537024, 6.15519045032989, 16.263066953413613, 2.700950550885095, 7.079208817720062, 9.450806234481178]
Helper 5's score: [12.595432069581555, 6.093845849552588, 11.802233542537024, 6.15519045032989, 16.263066953413613, 2.700950550885095, 7.079208817720062, 9.450806234481178]
Helper 6's score: [12.595432069581555, 6.093845849552588, 11.802233542537024, 6.15519045032989, -30.75816103065719, -5.1082782981796875, 7.079208817720062, 9.450806234481178]
Helper 7's score: [12.595432069581555, 6.093845849552588, 11.802233542537024, 6.15519045032989, -30.75816103065719, -5.1082782981796875, 7.079208817720062, 9.450806234481178]
Helper 8's score: [12.595432069581555, 6.093845849552588, 11.802233542537024, 6.15519045032989, -30.75816103065719, -5.1082782981796875, 7.079208817720062, 9.450806234481178]
Helper 9's score: [12.595432069581555, 6.093845849552588, 11.802233542537024, 6.15519045032989, -30.75816103065719, -5.1082782981796875, 7.079208817720062, 9.450806234481178]
Helper 10's score: [12.576547439143988, 6.084703659412853, 11.786318679084246, 6.1468904099019674, -30.780128957543287, -5.111926704989717, 7.067937780878115, 9.4357593008481]
Helper 11's score: [10.574240937129286, 5.115372180040587, 10.013869583810301, 5.222509299698918, -32.83321263367963, -5.452900366474256, 6.170240572845353, 8.237325607365849]
Helper 12's score: [16.754853485854394, 8.107452712793368, 15.808789028099138, 8.244719688551317, -25.3098161562283, -4.203423750623891, 9.646128433818777, 12.877666570980026]
Helper 13's score: [32.20638485766716, 15.587654044675318, 30.296087638821227, 15.800245660682313, -6.5013249625999805, -1.0797322109979781, 18.33584808625234, 24.478518980015465]
Helper 14's score: [36.68403890523536, 17.755319693105918, 34.222499843396115, 17.847977966483043, -1.0060215371267285, -0.167078843903693, 20.64445790326339, 27.560533455556712]
Helper 15's score: [32.65033803145923, 17.755319693105918, 34.222499843396115, 17.847977966483043, -1.0060215371267285, -0.167078843903693, 20.64445790326339, 27.560533455556712]
Helper 16's score: [37.456615473826, 20.08207437266932, 38.477329069964014, 20.06698881123248, 4.900382735211942, 0.8138496561646598, 23.14838167129273, 30.903293779044184]
Helper 17's score: [38.241421201336, 20.462004666109237, 39.41118246395802, 20.554019123927382, 6.125429608559193, 1.017303963824188, 23.713315133555604, 31.657484935809713]
---------------------------------------------------
Helper 1's score: [0.04515876609225381, 0.027439453070229228, 0.04361333177407178, 0.03792238207829386, 0.036329169177723074, 0.02602487967922247, 0.04156715168243776, 0.03884103315825127]
Helper 2's score: [0.2999507344032496, 0.18153005788551774, 0.28854208853588176, 0.25089125003817686, 0.24036512199107896, 0.17218872659315582, 0.2750141453825332, 0.25697776026121644]
Helper 3's score: [10.141926393980624, 6.3673794582512055, 10.120695539625737, 8.800081707583326, 8.429831527134812, 6.038821040375624, 9.64571350973645, 9.013114036027543]
Helper 4's score: [17.031309355684787, 10.697474038507188, 17.003202955388637, 14.78451502786493, 14.162458010735426, 10.145463660023353, 16.205203064784193, 15.142409429063973]
Helper 5's score: [17.031309355684787, 10.697474038507188, 17.003202955388637, 14.78451502786493, 14.162458010735426, 10.145463660023353, 16.205203064784193, 15.142409429063973]
Helper 6's score: [17.031309355684787, 10.697474038507188, 17.003202955388637, 14.78451502786493, 14.162458010735426, 10.145463660023353, 16.205203064784193, 15.142409429063973]
Helper 7's score: [17.031309355684787, 10.697474038507188, 17.003202955388637, 14.78451502786493, 14.162458010735426, 10.145463660023353, 16.205203064784193, 15.142409429063973]
Helper 8's score: [17.031309355684787, 10.697474038507188, 17.003202955388637, 14.78451502786493, 14.162458010735426, 10.145463660023353, 16.205203064784193, 15.142409429063973]
Helper 9's score: [12.1103215258961, 7.604549338324345, 17.003202955388637, 14.78451502786493, 14.162458010735426, 10.145463660023353, 11.519853382607234, 10.76434129118081]
Helper 10's score: [12.09187413863717, 7.592954841105392, 16.987357397277236, 14.770737100692175, 14.147576743771449, 10.134803268085477, 11.502289335911687, 10.747929155817129]
Helper 11's score: [8.686269364391583, 5.452474212081544, 14.191296482899919, 12.339524304144552, 11.852416263832772, 8.490634775194712, 8.240486380871086, 7.700046594598925]
Helper 12's score: [14.985133786521102, 9.411417828315583, 20.483874691597425, 17.811006196973448, 17.09367476312476, 12.245279456015492, 14.237733974057594, 13.303973811089374]
Helper 13's score: [14.985133786521102, 9.411417828315583, 40.14818159377714, 34.90938711206375, 33.472607573412226, 23.97854408358043, 14.237733974057594, 13.303973811089374]
Helper 14's score: [21.722689816776022, 13.646086595162776, 47.138276284537525, 40.98736902364198, 39.04353168794952, 27.969349077596505, 19.89461812144929, 18.589859801542236]
Helper 15's score: [15.546042786182154, 13.646086595162776, 47.138276284537525, 40.98736902364198, 39.04353168794952, 27.969349077596505, 19.89461812144929, 18.589859801542236]
Helper 16's score: [22.21478859975489, 17.83750696836166, 54.06078187532533, 47.006581298294385, 44.988307303919356, 32.22796752738092, 25.954466240296362, 24.252281983275477]
Helper 17's score: [24.695488097724727, 19.396668871700804, 55.95230918435643, 48.65128988639746, 46.65544388287754, 33.422242812454655, 28.667151725430692, 26.787060110027085]
---------------------------------------------------
Helper 1's score: [0.011394678573138242, 0.010417162948329358, 0.009987383998828897, 0.017029918807814286, 0.007595624203765361, 0.03316856314663504, 0.009642770515977228, 0.026109706208925058]
Helper 2's score: [0.07566583708799836, 0.0689139931941671, 0.06607111113932179, 0.11266069857498837, 0.05025005406281178, 0.21943187901238678, 0.0637934462738476, 0.172733358893609]
Helper 3's score: [2.5565347121838182, 2.417850917072814, 2.317906560971047, 3.9523623545530637, 1.7628292193347568, 7.697920632941897, 2.237746847424934, 6.059141681263179]
Helper 4's score: [4.541229812260474, 4.2970004561757325, 4.344558465819601, 7.408093844933331, 3.132892551552313, 13.680711636085505, 3.759514228230694, 10.179627506921879]
Helper 5's score: [4.541229812260474, 4.2970004561757325, 4.344558465819601, 7.408093844933331, 3.132892551552313, 13.680711636085505, 3.759514228230694, 10.179627506921879]
Helper 6's score: [-7.863114563218624, -7.447684163217502, 4.344558465819601, 7.408093844933331, 3.132892551552313, 13.680711636085505, -7.110252777524737, -19.25241410492597]
Helper 7's score: [-7.863114563218624, -7.447684163217502, 4.344558465819601, 7.408093844933331, 3.132892551552313, 13.680711636085505, -7.110252777524737, -19.25241410492597]
Helper 8's score: [-7.863114563218624, -7.447684163217502, 4.344558465819601, 7.408093844933331, 3.132892551552313, 13.680711636085505, -7.110252777524737, -19.25241410492597]
Helper 9's score: [-7.863114563218624, -7.447684163217502, 4.344558465819601, 7.408093844933331, 3.132892551552313, 13.680711636085505, -7.110252777524737, -19.25241410492597]
Helper 10's score: [-7.8687465971851, -7.453016687105885, 4.340371040180772, 7.400953685042475, 3.1293930302881114, 13.665429930603402, -7.115139344612155, -19.26564545071101]
Helper 11's score: [-8.304077977351792, -7.865197259510019, 3.9526559009016555, 6.73984389460506, 2.723570870201106, 11.893286182828609, -7.633321002697475, -20.668724662545827]
Helper 12's score: [-7.113260917305798, -6.737707536048268, 5.39383058879396, 9.197252954431029, 3.819621535975151, 16.679518985343496, -6.241990825960779, -16.901423336229303]
Helper 13's score: [-2.151523167114158, -2.0398336882909742, 9.897501488457412, 16.87665626638718, 7.244779866519041, 31.636496493202515, -1.894084023658607, -5.128606691490164]
Helper 14's score: [-0.31412369143312224, -0.30014663120064133, 11.646990195106186, 19.85978484469259, 8.544829599611187, 37.31355219119989, -0.23740283673650686, -0.6428150820436072]
Helper 15's score: [-2.051720618769574, -0.30014663120064133, 11.646990195106186, 19.85978484469259, 8.544829599611187, 37.31355219119989, -0.23740283673650686, -0.6428150820436072]
Helper 16's score: [0.3060935273408325, 1.9322795816632796, 13.872024072707394, 23.653785984993988, 10.208530768881479, 44.57860056770023, 1.8751872972971768, 5.077440071607439]
Helper 17's score: [0.9660153430001837, 2.557106929547765, 14.490808889206729, 24.70890263873711, 10.625934761498078, 46.40131984861174, 2.409143221314623, 6.523231224835746]
---------------------------------------------------
Helper 1's score: [0.046067844236029436, 0.008853007318101848, 0.03848241189318799, 0.003879296904241205, 0.03752378255658399, 0.04294096774489618, 0.0285725652218718, 0.006341467362922744]
Helper 2's score: [0.3062969321577173, 0.058559050850551346, 0.2545714898586105, 0.025662590880676912, 0.24821976628615194, 0.2840544383196546, 0.18899350977083834, 0.04194569737471679]
Helper 3's score: [10.245190944590789, 2.053476798211587, 8.929204839217963, 0.9001264470183974, 8.706701910034646, 9.963659855438081, 6.628243536554412, 1.471089128125887]
Helper 4's score: [16.20852735205063, 3.2504274466282084, 14.133984848833574, 1.4248047607010297, 13.781791196283743, 15.77142310570914, 10.491793552624557, 2.3285751865765896]
Helper 5's score: [16.20852735205063, 3.2504274466282084, 14.133984848833574, 1.4248047607010297, 13.781791196283743, 15.77142310570914, 10.491793552624557, 2.3285751865765896]
Helper 6's score: [16.20852735205063, 3.2504274466282084, 14.133984848833574, 1.4248047607010297, 13.781791196283743, 15.77142310570914, 10.491793552624557, 2.3285751865765896]
Helper 7's score: [16.20852735205063, 3.2504274466282084, 14.133984848833574, 1.4248047607010297, 13.781791196283743, 15.77142310570914, 10.491793552624557, 2.3285751865765896]
Helper 8's score: [16.20852735205063, 3.2504274466282084, 14.133984848833574, 1.4248047607010297, 13.781791196283743, 15.77142310570914, 10.491793552624557, 2.3285751865765896]
Helper 9's score: [16.20852735205063, 3.2504274466282084, 14.133984848833574, 1.4248047607010297, 13.781791196283743, 15.77142310570914, 10.491793552624557, 2.3285751865765896]
Helper 10's score: [16.186510008983255, 3.246008163317621, 14.116207565956978, 1.4230126859573673, 13.76445688096226, 15.751586292243514, 10.47854786615828, 2.3256354054343245]
Helper 11's score: [14.318686213528226, 2.8711017769696783, 12.489618388173664, 1.259041093444892, 12.206150262371915, 13.968312067566364, 9.312078255610603, 2.0667461909837113]
Helper 12's score: [22.269801423474682, 4.467035974858507, 19.429325067661146, 1.9586121783550683, 18.97293597737071, 21.711996401261107, 14.463478277037462, 3.2100609355846474]
Helper 13's score: [42.147589448340824, 8.456871469580578, 36.77859176637985, 3.7075398906305095, 35.8899002648677, 41.071207235497965, 27.34197833060461, 6.068347797086988]
Helper 14's score: [49.654673550141936, 9.963680505563923, 42.00104107529836, 4.233999393555544, 41.82334592931711, 47.86124495381724, 32.580091231082186, 7.230907817293218]
Helper 15's score: [42.65987105599955, 9.963680505563923, 42.00104107529836, 4.233999393555544, 41.82334592931711, 47.86124495381724, 32.580091231082186, 7.230907817293218]
Helper 16's score: [50.648562951385244, 11.567157031258638, 47.64639808042924, 4.803090957102197, 48.145149380761964, 55.09570639673581, 38.1258635368982, 8.461750543749307]
Helper 17's score: [53.21333494376474, 12.081953663472634, 49.945681177578315, 5.034874812685413, 50.259563799330564, 57.51537187715967, 39.573111150052036, 8.782956337965414]
---------------------------------------------------
Helper 1's score: [0.045191728000314124, 0.03305607927865821, 0.0365319087649689, 0.012793308008867854, 0.017264060181219096, 0.022854845056564106, 0.004594456815480216, 0.0051759951488035225]
Helper 2's score: [0.3009760545648951, 0.21869969962729585, 0.24170806827391836, 0.08464506427931046, 0.11422290537786489, 0.1512127956528788, 0.030395926987251472, 0.03424325811471482]
Helper 3's score: [9.921660668535027, 7.6733993156255735, 8.479736211569495, 2.9695649873237913, 4.006273741626557, 5.30366348691624, 1.0664553931059841, 1.201440815056388]
Helper 4's score: [15.694071436917108, 12.14621908522454, 13.422553097546842, 4.700516941150481, 6.3415042433757725, 8.395133901674257, 1.6880910727772238, 1.901759349221392]
Helper 5's score: [15.694071436917108, 12.14621908522454, 13.422553097546842, 4.700516941150481, 6.3415042433757725, 8.395133901674257, 1.6880910727772238, 1.901759349221392]
Helper 6's score: [15.694071436917108, 12.14621908522454, -27.767587618931042, -9.724082674071925, -13.118749937867687, -17.36711955464255, 1.6880910727772238, 1.901759349221392]
Helper 7's score: [15.694071436917108, 12.14621908522454, -27.767587618931042, -9.724082674071925, -13.118749937867687, -17.36711955464255, 1.6880910727772238, 1.901759349221392]
Helper 8's score: [15.694071436917108, 12.14621908522454, -27.767587618931042, -9.724082674071925, -13.118749937867687, -17.36711955464255, 1.6880910727772238, 1.901759349221392]
Helper 9's score: [10.883729129932043, 8.4188692772254, -31.88660169057883, -11.166542635594165, -15.064775355992033, -19.94334490027423, 1.1700613397178574, 1.3181605707505555]
Helper 10's score: [10.866700129603204, 8.405674157823203, -31.906473379926624, -11.17350161066767, -15.073999173481884, -19.955555754346083, 1.1677251006307612, 1.3155286247628357]
Helper 11's score: [8.817944448677423, 6.81817193727498, -33.66553787149566, -11.789517981257232, -15.94823854470816, -21.11290837951016, 0.9311675532037877, 1.049029065169762]
Helper 12's score: [14.975182601618307, 11.589179691513877, -28.39319985978649, -9.943169230508765, -13.457326009508996, -17.81533993710161, 1.5942456115197765, 1.796035501612433]
Helper 13's score: [14.975182601618307, 11.589179691513877, -28.39319985978649, -9.943169230508765, -13.457326009508996, -17.81533993710161, 1.5942456115197765, 1.796035501612433]
Helper 14's score: [20.992105961002846, 16.25146289239568, -23.518143506001568, -8.235946706336565, -11.038293831191037, -14.6129295514819, 2.2378692804243925, 2.521125130636886]
Helper 15's score: [15.434162789939906, 16.25146289239568, -23.518143506001568, -8.235946706336565, -11.038293831191037, -14.6129295514819, 2.2378692804243925, 2.521125130636886]
Helper 16's score: [21.95417442239986, 21.303569905884608, -18.191268400207544, -6.370499313712444, -8.61534949768005, -11.405340100229, 2.882854281450828, 3.2477484009036957]
Helper 17's score: [23.750257702908243, 22.695285971710558, -16.70115603680359, -5.848668753051208, -7.883362508305848, -10.436306799258029, 3.1014812960279343, 3.49404789011333]
---------------------------------------------------
Helper 1's score: [0.03998612540965882, 0.02951428742533504, 0.02257966445273342, 0.03846347794576218, 0.002783905666720796, 0.019862623753322615, 0.038916717666705215, 0.01323128912015845]
Helper 2's score: [0.2660420823505584, 0.19522447373341006, 0.14936465223058343, 0.25443619939409695, 0.018415708563023436, 0.13139248743619922, 0.25742151865403584, 0.08752070429556788]
Helper 3's score: [8.797823780582265, 6.843447654808497, 5.234665921837238, 8.917026099280475, 0.6454406795428372, 4.605093314081037, 9.021654622567114, 3.0672710292708874]
Helper 4's score: [14.77007096934446, 11.497203881561058, 8.794376810561896, 14.98083902920094, 1.084358159228707, 7.736683892732424, 15.15661779530627, 5.153096256753612]
Helper 5's score: [14.77007096934446, 11.497203881561058, 8.794376810561896, 14.98083902920094, 1.084358159228707, 7.736683892732424, 15.15661779530627, 5.153096256753612]
Helper 6's score: [14.77007096934446, 11.497203881561058, 8.794376810561896, 14.98083902920094, 1.084358159228707, 7.736683892732424, 15.15661779530627, 5.153096256753612]
Helper 7's score: [14.77007096934446, 11.497203881561058, 8.794376810561896, 14.98083902920094, 1.084358159228707, 7.736683892732424, 15.15661779530627, 5.153096256753612]
Helper 8's score: [14.77007096934446, 11.497203881561058, 8.794376810561896, 14.98083902920094, 1.084358159228707, 7.736683892732424, 15.15661779530627, 5.153096256753612]
Helper 9's score: [14.77007096934446, 11.497203881561058, 6.251726175758569, 10.649544079257751, 0.7708456737388001, 5.499833479410006, 15.15661779530627, 5.153096256753612]
Helper 10's score: [14.749571569763539, 11.481230127389612, 6.2427342800293975, 10.634226775327324, 0.7692966482523744, 5.488781484800784, 15.139638306545699, 5.147323402865274]
Helper 11's score: [12.541843146254749, 9.760901150180603, 4.771774923627731, 8.12851138338673, 0.5984271694326729, 4.269661092434974, 12.87284113387723, 4.376635365266611]
Helper 12's score: [16.637098361405968, 12.952048277096644, 7.212719533038925, 12.28655453533219, 0.8993991555029835, 6.417037489224496, 17.079673023755507, 5.806915521254764]
Helper 13's score: [33.70066175786938, 26.248494639246815, 7.212719533038925, 12.28655453533219, 0.8993991555029835, 6.417037489224496, 34.60813923158166, 11.766416171205403]
Helper 14's score: [42.60907623605682, 33.19020151071841, 12.310083142795538, 20.969692107895607, 1.493470853096814, 10.655623139902485, 43.85048862874038, 14.908721184455572]
Helper 15's score: [34.10667203509784, 33.19020151071841, 12.310083142795538, 20.969692107895607, 1.493470853096814, 10.655623139902485, 43.85048862874038, 14.908721184455572]
Helper 16's score: [43.88884349079158, 40.8127663316717, 17.91896918086496, 30.524185925869954, 2.152415900711201, 15.357067485283924, 53.98658709452319, 18.35489181219858]
Helper 17's score: [45.38838611098934, 41.98125544229616, 18.83932522848299, 32.09197248947939, 2.2646451280033486, 16.15780112452962, 55.527958014314486, 18.878942284692858]
---------------------------------------------------
Helper 1's score: [0.040992534037332634, 0.021235041546215305, 0.030425643867444972, 0.023689285839367226, 0.03974396770241784, 0.043166834823615316, 0.01219571063854869, 0.038477529830052516]
Helper 2's score: [0.2724604521732298, 0.14044066818564055, 0.20122212622909955, 0.15667075070666928, 0.26285534611936573, 0.2854932198364437, 0.08065836259308332, 0.25447754909080733]
Helper 3's score: [9.089165799557227, 4.924589861258624, 7.055758519755235, 5.493585644932766, 9.214796849693814, 10.00840219381783, 2.828030025716868, 8.922449285641154]
Helper 4's score: [16.142530077464425, 8.75190921571701, 12.539387634576144, 9.763117560313644, 16.37635005255337, 17.786729373002938, 5.300664522528274, 16.723623848536466]
Helper 5's score: [16.142530077464425, 8.75190921571701, 12.539387634576144, 9.763117560313644, 16.37635005255337, 17.786729373002938, 5.300664522528274, 16.723623848536466]
Helper 6's score: [-72.02452339637556, -39.089582715012824, 12.539387634576144, 9.763117560313644, 16.37635005255337, 17.786729373002938, -8.436193793090649, -26.61623483421526]
Helper 7's score: [-72.02452339637556, -39.089582715012824, 12.539387634576144, 9.763117560313644, 16.37635005255337, 17.786729373002938, -8.436193793090649, -26.61623483421526]
Helper 8's score: [-72.02452339637556, -39.089582715012824, 12.539387634576144, 9.763117560313644, 16.37635005255337, 17.786729373002938, -8.436193793090649, -26.61623483421526]
Helper 9's score: [-72.02452339637556, -39.089582715012824, 12.539387634576144, 9.763117560313644, 16.37635005255337, 17.786729373002938, -8.436193793090649, -26.61623483421526]
Helper 10's score: [-72.0469851482953, -39.10177098354261, 12.522246988789833, 9.7497719213759, 16.356641722109924, 17.765323703310585, -8.442665248153075, -26.636652308242667]
Helper 11's score: [-74.2135527305741, -40.27740089767743, 10.794782334591803, 8.404774781825234, 14.067092320478029, 15.278591588873535, -9.130996613059262, -28.808341307030712]
Helper 12's score: [-67.1601884526669, -36.45008154321904, 16.27841144941271, 12.674306697206111, 21.228645523337587, 23.056918768058644, -6.933099282560233, -21.873963917790434]
Helper 13's score: [-49.526777757898905, -26.881783157073077, 29.987484236464983, 23.348136485658305, 39.13252853048648, 42.50273671602142, -1.4383559563126642, -4.538020444689742]
Helper 14's score: [-41.03522480535807, -22.274069208927067, 36.57485768732426, 28.47703937060385, 47.747658615891694, 51.85982708417865, 1.273752628914668, 4.018696099615267]
Helper 15's score: [-49.28185539152945, -22.274069208927067, 36.57485768732426, 28.47703937060385, 47.747658615891694, 51.85982708417865, 1.273752628914668, 4.018696099615267]
Helper 16's score: [-38.39021320114287, -16.364011070051152, 45.03044180523665, 35.06052368339981, 58.34985325637171, 63.375113837634274, 4.594756086357833, 14.496479099449004]
Helper 17's score: [-35.281013223521775, -14.676886914489797, 47.706944915150984, 37.14443840668223, 61.855394335470706, 67.18256240094566, 5.6705667204318555, 17.890667186630196]
---------------------------------------------------
Helper 1's score: [0.045376462718371424, 0.04016121206091232, 0.03861855235596092, 0.03989099174492186, 0.005729095079110251, 0.04089288574727505, 0.036207103275948775, 0.008994246361638992]
Helper 2's score: [0.30245212601706334, 0.2656183513986595, 0.2553974534313836, 0.2638125223493216, 0.037891176083440704, 0.27045798909147467, 0.23948318418974707, 0.05949028127591657]
Helper 3's score: [9.815899733574078, 9.310161114009023, 8.960083438627791, 9.255308463910923, 1.3281181520442142, 9.479783997381443, 8.391903244167581, 2.0846419180740954]
Helper 4's score: [15.523968298108286, 14.736886771575243, 15.053363628265277, 15.549355623004047, 2.1022543376206784, 15.005379602355426, 14.098597286152065, 3.5022480638328206]
Helper 5's score: [15.523968298108286, 14.736886771575243, 15.053363628265277, 15.549355623004047, 2.1022543376206784, 15.005379602355426, 14.098597286152065, 3.5022480638328206]
Helper 6's score: [15.523968298108286, 14.736886771575243, 15.053363628265277, 15.549355623004047, -4.34888054218319, -31.04125043909442, 14.098597286152065, 3.5022480638328206]
Helper 7's score: [15.523968298108286, 14.736886771575243, 15.053363628265277, 15.549355623004047, -4.34888054218319, -31.04125043909442, 14.098597286152065, 3.5022480638328206]
Helper 8's score: [15.523968298108286, 14.736886771575243, 15.053363628265277, 15.549355623004047, -4.34888054218319, -31.04125043909442, 14.098597286152065, 3.5022480638328206]
Helper 9's score: [15.523968298108286, 14.736886771575243, 15.053363628265277, 15.549355623004047, -4.34888054218319, -31.04125043909442, 14.098597286152065, 3.5022480638328206]
Helper 10's score: [15.51047060886806, 14.724054365010804, 15.03164489402649, 15.526921280042563, -4.351816647044155, -31.062207640705406, 14.080923527486538, 3.4978577059971663]
Helper 11's score: [13.103399430226276, 12.4356244386633, 13.175355897821397, 13.609469575968605, -4.641440944886787, -33.12947536061081, 11.942646325922096, 2.9666859137173374]
Helper 12's score: [19.192005899062764, 18.224131806733933, 20.139104685978523, 20.802666329217885, -3.8156956802718915, -27.23550671530523, 17.16019516430791, 4.262782961268172]
Helper 13's score: [38.21890111417679, 36.31321733195466, 37.548476656371335, 38.78565821234109, -1.2352417283503443, -8.816854698725294, 33.46503528426358, 8.31308623486453]
Helper 14's score: [48.77306829294131, 46.34718401888398, 46.72911112025549, 48.26878461843538, 0.21447534616727482, 1.530872800209794, 41.570947575876794, 10.326684825753087]
Helper 15's score: [38.75501302443128, 46.34718401888398, 46.72911112025549, 48.26878461843538, 0.21447534616727482, 1.530872800209794, 41.570947575876794, 10.326684825753087]
Helper 16's score: [49.24874067331916, 56.32369015785305, 56.79910678029256, 58.670575706907755, 1.6569507162677073, 11.826910776234477, 49.62507509237899, 12.327419503680126]
Helper 17's score: [51.754955600335386, 58.70637717256732, 59.04274145562631, 60.98813570986691, 1.9572615215416846, 13.970456184220295, 51.81042491392953, 12.870284657282346]
---------------------------------------------------
Helper 1's score: [0.04027598264648395, 0.02952234952803856, 0.022583644403238724, 0.03847025761863139, 0.0027844929668717354, 0.019866814025309137, 0.03891851822792714, 0.013231901292703676]
Helper 2's score: [0.268203983668773, 0.19529270862178288, 0.14938450547037482, 0.25447001852601836, 0.01841862968852204, 0.13141332909667955, 0.2574338769025112, 0.0875249059746508]
Helper 3's score: [8.799985681900479, 6.843515889696869, 5.234685775077029, 8.917059918412395, 0.6454436006683358, 4.605114155741518, 9.021666980815588, 3.0672752309499707]
Helper 4's score: [13.919054700839503, 10.832449798341921, 8.285866536841022, 14.114613858344223, 1.0843610803542054, 7.736704734392905, 15.156630153554744, 5.153100458432695]
Helper 5's score: [13.919054700839503, 10.832449798341921, 8.285866536841022, 14.114613858344223, 1.0843610803542054, 7.736704734392905, 15.156630153554744, 5.153100458432695]
Helper 6's score: [13.919054700839503, 10.832449798341921, 8.285866536841022, 14.114613858344223, 1.0843610803542054, 7.736704734392905, 15.156630153554744, 5.153100458432695]
Helper 7's score: [13.919054700839503, 10.832449798341921, 8.285866536841022, 14.114613858344223, 1.0843610803542054, 7.736704734392905, 15.156630153554744, 5.153100458432695]
Helper 8's score: [13.919054700839503, 10.832449798341921, 8.285866536841022, 14.114613858344223, 1.0843610803542054, 7.736704734392905, 15.156630153554744, 5.153100458432695]
Helper 9's score: [9.65316385172365, 7.508338207804378, 5.7432159020376945, 9.783318908401034, 0.7708485948642985, 5.499854321070487, 10.774513601598205, 3.663225295945035]
Helper 10's score: [9.634599425678815, 7.493872243725597, 5.732437688374438, 9.764958689435018, 0.7695877037150396, 5.490858108737932, 10.754876919627618, 3.656549023327734]
Helper 11's score: [7.207648533076279, 5.602718466680978, 4.2814792986869, 7.293314075814146, 0.6014131498302366, 4.290965479965271, 8.328968490844566, 2.8317647731462525]
Helper 12's score: [11.302903748227497, 8.793865593597019, 6.722423908098094, 11.451357227759607, 0.9023851359005473, 6.438341876754793, 12.535800380722844, 4.262044929134406]
Helper 13's score: [11.302903748227497, 8.793865593597019, 6.722423908098094, 11.451357227759607, 0.9023851359005473, 6.438341876754793, 12.535800380722844, 4.262044929134406]
Helper 14's score: [19.866943288166354, 15.467225063737422, 12.15687135524876, 20.708702480539884, 1.557340616298167, 11.11132143846467, 21.74135035938911, 7.391838513499504]
Helper 15's score: [11.711709113278824, 15.467225063737422, 12.15687135524876, 20.708702480539884, 1.557340616298167, 11.11132143846467, 21.74135035938911, 7.391838513499504]
Helper 16's score: [21.14671054290111, 22.819264466115946, 18.10891442409281, 30.84774939994596, 2.277203455782655, 16.247402342930485, 31.860207638479004, 10.832147312712614]
Helper 17's score: [22.700195030237886, 24.0297867163856, 19.029678910509645, 32.41623172131401, 2.390307857173539, 17.05438017861202, 33.427731357852316, 11.365089471693267]
---------------------------------------------------
Helper 1's score: [0.018976150757387743, 0.023079069979336234, 0.04370971454458165, 0.04374603405084099, 0.032118118257670386, 0.003495196486065393, 0.00878463182732773, 0.030466190970585682]
Helper 2's score: [0.12602665874131969, 0.1526609764235119, 0.2891231793283782, 0.28936341908356183, 0.21246151934950497, 0.023120742936960797, 0.05810857675222472, 0.20152773971185886]
Helper 3's score: [4.247333343814451, 5.355817074062593, 10.140188973126401, 10.148614712363493, 7.451556333106021, 0.8109022235438887, 2.0388112567376337, 7.070849902612681]
Helper 4's score: [7.1322480233656425, 8.99802634240995, 17.03593502878502, 17.050090617659446, 11.071103739984279, 1.2047929638473527, 3.42530313272742, 11.879375416643258]
Helper 5's score: [7.1322480233656425, 8.99802634240995, 17.03593502878502, 17.050090617659446, 11.071103739984279, 1.2047929638473527, 3.42530313272742, 11.879375416643258]
Helper 6's score: [7.1322480233656425, 8.99802634240995, 17.03593502878502, 17.050090617659446, -25.1243703287983, -2.7341144391872874, 3.42530313272742, 11.879375416643258]
Helper 7's score: [7.1322480233656425, 8.99802634240995, 17.03593502878502, 17.050090617659446, -25.1243703287983, -2.7341144391872874, 3.42530313272742, 11.879375416643258]
Helper 8's score: [7.1322480233656425, 8.99802634240995, 17.03593502878502, 17.050090617659446, -25.1243703287983, -2.7341144391872874, 3.42530313272742, 11.879375416643258]
Helper 9's score: [7.1322480233656425, 8.99802634240995, 17.03593502878502, 17.050090617659446, -28.743917735676558, -3.1280051794907515, 3.42530313272742, 11.879375416643258]
Helper 10's score: [7.124365484062914, 8.988074624284625, 17.008806494415968, 17.02293954150571, -28.76052538109197, -3.12981247665032, 3.421723006371234, 11.866959095116032]
Helper 11's score: [6.217154458072182, 7.842719293455774, 14.718754634621844, 14.730984819756925, -30.46886733042636, -3.315719718488365, 2.963388350887913, 10.277397754713201]
Helper 12's score: [10.173608875742389, 12.837749147189292, 24.175777796667944, 24.195866061305658, -23.519336309220105, -2.559449497105714, 4.864862923673906, 16.87194703109799]
Helper 13's score: [18.41622224588865, 23.244061342467454, 43.87790938426399, 43.914368647865516, -23.519336309220105, -2.559449497105714, 8.826268283644724, 30.610591356899633]
Helper 14's score: [22.283353137496007, 28.126320105668, 54.461209571128954, 54.50646276627147, -16.489213173242653, -1.7944089836999433, 10.699130523227595, 37.105909518695356]
Helper 15's score: [18.655270344653513, 28.126320105668, 54.461209571128954, 54.50646276627147, -16.489213173242653, -1.7944089836999433, 10.699130523227595, 37.105909518695356]
Helper 16's score: [22.489418471749666, 32.96693807739213, 64.92439185815964, 64.97833917584506, -9.526164735424185, -1.036667753752449, 12.663927198064911, 43.920067686115644]
Helper 17's score: [23.200157410580456, 33.86424709271025, 66.51274636605741, 66.56801348763753, -8.402062408756228, -0.9143393386620203, 12.967826302123687, 44.97402741055648]
---------------------------------------------------
Helper 1's score: [0.017843733559978033, 0.008526749162016784, 0.007995217199436588, 0.00877295256186359, 0.027267394726088093, 0.022369410380789486, 0.03397563665451857, 0.030923537490157478]
Helper 2's score: [0.11884162088137677, 0.0564075214363385, 0.052890747375165637, 0.05803569885712889, 0.1803781940331607, 0.14797724119250016, 0.2247511935595068, 0.20456134584517707]
Helper 3's score: [3.8891936418081805, 1.9762754395384343, 1.8530510373766735, 2.0333067182669233, 6.321215395932226, 5.185748866637646, 7.8770562700427895, 7.16944460395719]
Helper 4's score: [6.151404854364263, 3.128196190399692, 2.7531311823774276, 3.0209422279718208, 10.005717717071667, 8.208411841904734, 11.703208808284431, 10.651886233013197]
Helper 5's score: [6.151404854364263, 3.128196190399692, 2.7531311823774276, 3.0209422279718208, 10.005717717071667, 8.208411841904734, 11.703208808284431, 10.651886233013197]
Helper 6's score: [6.151404854364263, 3.128196190399692, 2.7531311823774276, 3.0209422279718208, 10.005717717071667, 8.208411841904734, -26.558316574131986, -24.17253005754687]
Helper 7's score: [6.151404854364263, 3.128196190399692, 2.7531311823774276, 3.0209422279718208, 10.005717717071667, 8.208411841904734, -26.558316574131986, -24.17253005754687]
Helper 8's score: [6.151404854364263, 3.128196190399692, 2.7531311823774276, 3.0209422279718208, 10.005717717071667, 8.208411841904734, -26.558316574131986, -24.17253005754687]
Helper 9's score: [6.151404854364263, 3.128196190399692, 2.7531311823774276, 3.0209422279718208, 10.005717717071667, 8.208411841904734, -26.558316574131986, -24.17253005754687]
Helper 10's score: [6.142371390675648, 3.123596339502786, 2.7503206928316755, 3.0178583478413055, 9.993494151410037, 8.198383969445768, -26.57664965030965, -24.189216236948145]
Helper 11's score: [5.306118206325773, 2.69777518245088, 2.261793547228087, 2.4818096869162556, 8.355846935159978, 6.85490385309251, -28.330559264063883, -25.785568654028264]
Helper 12's score: [9.528912469763792, 4.848027250725227, 4.277973072029775, 4.694113228655226, 14.251050648983082, 11.69116461351985, -20.98434639063993, -19.099280726240732]
Helper 13's score: [17.0696165116174, 8.687763086929419, 7.8782936520327915, 8.644655267474814, 26.532725052781213, 21.766707864410144, -5.6797362376733656, -5.169514210016706]
Helper 14's score: [20.19575828064194, 10.279598346999864, 9.42208639191816, 10.338620563791986, 31.83106755029499, 26.113320324289486, 0.9968236285676157, 0.9072769750434109]
Helper 15's score: [17.22750638821237, 10.279598346999864, 9.42208639191816, 10.338620563791986, 31.83106755029499, 26.113320324289486, 0.9968236285676157, 0.9072769750434109]
Helper 16's score: [20.76131108378096, 12.079016074099247, 11.160320394435274, 12.24594141138266, 37.79985960825638, 31.009950910503562, 8.5099866467896, 7.7455175833398044]
Helper 17's score: [21.581437852398174, 12.496625640289803, 11.548586756870025, 12.671976413814793, 39.32026574176066, 32.25724971141493, 10.405173386724245, 9.470455920747652]
---------------------------------------------------
Helper 1's score: [0.045157519207646206, 0.027441959696228004, 0.043622827391881565, 0.037930638646457876, 0.03634993306024407, 0.026039754160431743, 0.04157431893158951, 0.03884773035425074]
Helper 2's score: [0.2997846918939632, 0.181542364926475, 0.28860258679920703, 0.25094385409669673, 0.24049753954925443, 0.17228358565811475, 0.2750449708922675, 0.2570065641267027]
Helper 3's score: [10.141760351471337, 6.3673917652921626, 10.120756037889063, 8.800134311641846, 8.429963944692988, 6.038915899440584, 9.645744335246183, 9.01314283989303]
Helper 4's score: [16.046945747217762, 10.078901405511576, 16.020048108542976, 13.929648586168938, 12.524697147264854, 8.972232056331817, 15.268163953858533, 14.266824605352827]
Helper 5's score: [16.046945747217762, 10.078901405511576, 16.020048108542976, 13.929648586168938, 12.524697147264854, 8.972232056331817, 15.268163953858533, 14.266824605352827]
Helper 6's score: [16.046945747217762, 10.078901405511576, 16.020048108542976, 13.929648586168938, 12.524697147264854, 8.972232056331817, 15.268163953858533, 14.266824605352827]
Helper 7's score: [16.046945747217762, 10.078901405511576, 16.020048108542976, 13.929648586168938, 12.524697147264854, 8.972232056331817, 15.268163953858533, 14.266824605352827]
Helper 8's score: [16.046945747217762, 10.078901405511576, 16.020048108542976, 13.929648586168938, 12.524697147264854, 8.972232056331817, 15.268163953858533, 14.266824605352827]
Helper 9's score: [16.046945747217762, 10.078901405511576, 16.020048108542976, 13.929648586168938, 12.524697147264854, 8.972232056331817, 15.268163953858533, 14.266824605352827]
Helper 10's score: [16.0269619351034, 10.066341239091702, 15.998238986536212, 13.910685259500454, 12.502272668121977, 8.956167984822017, 15.247378402987858, 14.247402243273553]
Helper 11's score: [14.38867432106774, 9.036649558738146, 14.365719846074175, 12.491187778422104, 11.1395287105662, 7.97994837034419, 13.31012262536462, 12.437198444140758]
Helper 12's score: [22.26225484872964, 13.985329079030697, 22.23144260694606, 19.330540144458226, 19.001416459504185, 13.611915391575359, 22.30599401514438, 20.843089268876433]
Helper 13's score: [41.946206167884384, 26.35702787976207, 41.89574950912577, 36.42892105954853, 35.38034926979165, 25.345180019140294, 41.047392743852214, 38.35536182040909]
Helper 14's score: [48.9908779391906, 30.78472412283314, 48.86681812352024, 42.4903595402984, 41.74564141273441, 29.90504103145227, 47.422514023742615, 44.312380451654754]
Helper 15's score: [42.380071727141576, 30.78472412283314, 48.86681812352024, 42.4903595402984, 41.74564141273441, 29.90504103145227, 47.422514023742615, 44.312380451654754]
Helper 16's score: [50.4671742881272, 35.86760587929106, 56.87889654840345, 49.45697013642598, 48.98377815083299, 35.09017578609687, 54.80280778300766, 51.20864885155001]
Helper 17's score: [52.897559614500125, 37.39514446847379, 59.52345516504733, 51.75644963522535, 50.47752986552473, 36.160244535957595, 57.01365932462672, 53.274505051946775]
---------------------------------------------------
Helper 1's score: [0.011463605598513006, 0.010416438970979295, 0.009986803672479597, 0.01702892926835012, 0.007594882497998509, 0.03316532426673471, 0.009640190225219019, 0.026102719561931973]
Helper 2's score: [0.0761784443349282, 0.0689090769150471, 0.06606733535199162, 0.11265426031731487, 0.050243366580101985, 0.21940267612048467, 0.06377367929815425, 0.1726798359017326]
Helper 3's score: [2.557047319430748, 2.417846000793694, 2.3179027851837173, 3.95235591629539, 1.7628225318520472, 7.697891430049995, 2.2377270804492406, 6.059088158271302]
Helper 4's score: [4.541742419507404, 4.296995539896612, 4.119371145049097, 7.0241172410778505, 2.961627947542409, 12.932833557800652, 3.9768898013701097, 10.768214816166957]
Helper 5's score: [4.541742419507404, 4.296995539896612, 4.119371145049097, 7.0241172410778505, 2.961627947542409, 12.932833557800652, 3.9768898013701097, 10.768214816166957]
Helper 6's score: [4.541742419507404, 4.296995539896612, 4.119371145049097, 7.0241172410778505, 2.961627947542409, 12.932833557800652, 3.9768898013701097, 10.768214816166957]
Helper 7's score: [4.541742419507404, 4.296995539896612, 4.119371145049097, 7.0241172410778505, 2.961627947542409, 12.932833557800652, 3.9768898013701097, 10.768214816166957]
Helper 8's score: [4.541742419507404, 4.296995539896612, 4.119371145049097, 7.0241172410778505, 2.961627947542409, 12.932833557800652, 3.9768898013701097, 10.768214816166957]
Helper 9's score: [4.541742419507404, 4.296995539896612, 4.119371145049097, 7.0241172410778505, 2.961627947542409, 12.932833557800652, 3.9768898013701097, 10.768214816166957]
Helper 10's score: [4.536792389774371, 4.292308751436755, 4.115746583147039, 7.017936844398081, 2.9584077450316286, 12.918771581133768, 3.9717092422375844, 10.75418742883838]
Helper 11's score: [3.961774491872156, 3.7478701533986274, 3.594625485482616, 6.129350805921459, 2.565935806645258, 11.20492556631943, 3.46927176150869, 9.393738687634006]
Helper 12's score: [5.549530571933481, 5.251189784680962, 5.035800173374921, 8.586759865747428, 3.3879738059757916, 14.794600168205594, 4.860601938245385, 13.16104001395053]
Helper 13's score: [10.51126832212512, 9.949063632438257, 9.53947107303837, 16.26616317770358, 6.813132136519682, 29.751577676064613, 9.208508740547558, 24.93385665868967]
Helper 14's score: [12.30142472621078, 11.644019991996847, 11.171773384355607, 19.049472183825667, 8.065226848169196, 35.21922344088892, 10.780351405372691, 29.189931208761962]
Helper 15's score: [10.607927698681745, 11.644019991996847, 11.171773384355607, 19.049472183825667, 8.065226848169196, 35.21922344088892, 10.780351405372691, 29.189931208761962]
Helper 16's score: [13.045685388739525, 13.952138372265805, 13.391363594379863, 22.834191091976674, 9.762722176522917, 42.631844112894676, 12.9212097782496, 34.98672820378706]
Helper 17's score: [13.691082318319856, 14.563213263674806, 13.981428736267459, 23.84033659102282, 10.207954649903723, 44.57608477200245, 13.486424848857952, 36.51715967200347]
---------------------------------------------------
Helper 1's score: [0.03553621092251319, 0.01657810704088607, 0.03211002151087375, 0.016746262226660855, 0.04168112234071439, 0.006922350542499079, 0.019259755384142242, 0.025711943374719604]
Helper 2's score: [0.23612027705335195, 0.10968427527949716, 0.21245495501946093, 0.11080112129182179, 0.27572719690186426, 0.045792440411110504, 0.1274103910029916, 0.1700939961842461]
Helper 3's score: [7.961885962959737, 3.849784941220472, 7.456104260380505, 3.8885641073573196, 9.679972793716024, 1.607638210224067, 4.472270217219773, 5.970520200701967]
Helper 4's score: [12.597345374503568, 6.093845340785057, 11.802293843597134, 6.1552218989966185, 15.322520151804522, 2.5447456721118407, 7.0791861129498415, 9.4507759234126]
Helper 5's score: [12.597345374503568, 6.093845340785057, 11.802293843597134, 6.1552218989966185, 15.322520151804522, 2.5447456721118407, 7.0791861129498415, 9.4507759234126]
Helper 6's score: [12.597345374503568, 6.093845340785057, 11.802293843597134, 6.1552218989966185, 15.322520151804522, 2.5447456721118407, 7.0791861129498415, 9.4507759234126]
Helper 7's score: [12.597345374503568, 6.093845340785057, 11.802293843597134, 6.1552218989966185, 15.322520151804522, 2.5447456721118407, 7.0791861129498415, 9.4507759234126]
Helper 8's score: [12.597345374503568, 6.093845340785057, 11.802293843597134, 6.1552218989966185, 15.322520151804522, 2.5447456721118407, 7.0791861129498415, 9.4507759234126]
Helper 9's score: [8.734462531550376, 4.223795007814569, 8.180469190916611, 4.26634040596387, 10.620397353397442, 1.7638227872053625, 4.9067561998414515, 6.55056282115374]
Helper 10's score: [8.716484923292208, 4.215091913862205, 8.166046347628548, 4.258818495221015, 10.597612091452426, 1.7600386383742261, 4.899638044998205, 6.541060021631543]
Helper 11's score: [6.437536259062689, 3.1118359049103694, 5.978853572980237, 3.1181371122417145, 8.127337367927735, 1.3497783907558598, 3.567291128352678, 4.7623651320547955]
Helper 12's score: [12.618148807787797, 6.10391643766315, 11.773773017269072, 6.140347501094113, 15.650733845379063, 2.599255006606225, 7.043178989326103, 9.402706095668972]
Helper 13's score: [12.618148807787797, 6.10391643766315, 11.773773017269072, 6.140347501094113, 15.650733845379063, 2.599255006606225, 7.043178989326103, 9.402706095668972]
Helper 14's score: [17.64298807331037, 8.536478522416889, 16.29785470350594, 8.499780933018185, 23.486477686449334, 3.900605896002332, 10.738435968695224, 14.335906767927032]
Helper 15's score: [13.041906657374518, 8.536478522416889, 16.29785470350594, 8.499780933018185, 23.486477686449334, 3.900605896002332, 10.738435968695224, 14.335906767927032]
Helper 16's score: [18.41556464190101, 11.137906345050714, 20.726581735937472, 10.809484281870967, 31.18394235535716, 5.178991547211942, 14.37720648741755, 19.19369751681791]
Helper 17's score: [19.56586065795592, 11.694773207260175, 21.943610815267082, 11.44419852810788, 32.764878068816934, 5.441551444334349, 15.094807008134783, 20.151700543665417]
---------------------------------------------------
Helper 1's score: [0.04484793347455088, 0.03304475944961047, 0.03652344918174461, 0.01279034550136486, 0.01725619304278479, 0.0228444302278351, 0.004593517453155787, 0.005174936887722948]
Helper 2's score: [0.2984313945138476, 0.21862515279588746, 0.24163625480478532, 0.0846199155296047, 0.11416387316683106, 0.1511346464792567, 0.030389965285764868, 0.03423654181739991]
Helper 3's score: [9.91911600848398, 7.673324768794165, 8.479664398100361, 2.9695398385740854, 4.006214709415523, 5.303585337742618, 1.0664494314044974, 1.2014340987590733]
Helper 4's score: [15.691526776866061, 12.146144538393132, 13.422481284077708, 4.700491792400774, 6.341445211164738, 8.395055752500635, 1.688085111075737, 1.9017526329240773]
Helper 5's score: [15.691526776866061, 12.146144538393132, 13.422481284077708, 4.700491792400774, 6.341445211164738, 8.395055752500635, 1.688085111075737, 1.9017526329240773]
Helper 6's score: [15.691526776866061, 12.146144538393132, 13.422481284077708, 4.700491792400774, 6.341445211164738, 8.395055752500635, 1.688085111075737, 1.9017526329240773]
Helper 7's score: [15.691526776866061, 12.146144538393132, 13.422481284077708, 4.700491792400774, 6.341445211164738, 8.395055752500635, 1.688085111075737, 1.9017526329240773]
Helper 8's score: [15.691526776866061, 12.146144538393132, 13.422481284077708, 4.700491792400774, 6.341445211164738, 8.395055752500635, 1.688085111075737, 1.9017526329240773]
Helper 9's score: [15.691526776866061, 12.146144538393132, 13.422481284077708, 4.700491792400774, 4.395419793040393, 5.818830406868955, 1.688085111075737, 1.9017526329240773]
Helper 10's score: [15.66891434736999, 12.128623033817838, 13.402204364740031, 4.6933909076310565, 4.385904341035771, 5.806233475502521, 1.6855507817223283, 1.898897523611804]
Helper 11's score: [13.742278526714001, 10.635746810481606, 11.66204535527851, 4.083995150741522, 3.554902110290581, 4.706119885421227, 1.466689719307961, 1.652334362216555]
Helper 12's score: [19.899516679654887, 15.406754564720504, 16.934383366987678, 5.93034390148999, 6.0458146454897435, 8.003688327829778, 2.12976777762395, 2.399340798659226]
Helper 13's score: [39.14088590759515, 30.31615379671706, 33.410439653578834, 11.70018374757895, 6.0458146454897435, 8.003688327829778, 4.201886709861415, 4.733735912542572]
Helper 14's score: [44.747193299828446, 34.6602664291343, 38.43039462436501, 13.45814910726194, 8.410172953226194, 11.133719283137816, 4.83104303243095, 5.442527006733889]
Helper 15's score: [39.57018313632199, 34.6602664291343, 38.43039462436501, 13.45814910726194, 8.410172953226194, 11.133719283137816, 4.83104303243095, 5.442527006733889]
Helper 16's score: [45.70926176122546, 39.4172030613981, 43.894250632297975, 15.37156658772545, 10.981984807773086, 14.538385441232348, 5.515656396717804, 6.213794556885939]
Helper 17's score: [47.43121495602999, 40.75147856622406, 45.425079630751135, 15.907655928474536, 11.703042599657277, 15.492950238699228, 5.707669562908589, 6.430111579033427]
---------------------------------------------------
Helper 1's score: [0.04458161793057515, 0.040136458562067906, 0.038629413256176054, 0.039902210500012185, 0.005724368707785487, 0.040859150059541834, 0.03616594918469636, 0.008984023228551194]
Helper 2's score: [0.2965958823595043, 0.2654618311526342, 0.25548229342039985, 0.2639001577239025, 0.03785813779433926, 0.27022216982807357, 0.2391786217236736, 0.059414624578624446]
Helper 3's score: [9.810043489916518, 9.310004593762999, 8.960168278616807, 9.255396099285505, 1.3280851137551128, 9.479548178118042, 8.391598681701508, 2.084566261376803]
Helper 4's score: [15.518112054450729, 14.736730251329218, 13.312511271215012, 13.751144070066307, 2.360266694523732, 16.84700898475002, 14.098292723685992, 3.5021724071355282]
Helper 5's score: [15.518112054450729, 14.736730251329218, 13.312511271215012, 13.751144070066307, 2.360266694523732, 16.84700898475002, 14.098292723685992, 3.5021724071355282]
Helper 6's score: [-32.049125983334335, -30.4859835617226, -30.210918654767024, -31.206335637741706, 2.360266694523732, 16.84700898475002, 14.098292723685992, 3.5021724071355282]
Helper 7's score: [-32.049125983334335, -30.4859835617226, -30.210918654767024, -31.206335637741706, 2.360266694523732, 16.84700898475002, 14.098292723685992, 3.5021724071355282]
Helper 8's score: [-32.049125983334335, -30.4859835617226, -30.210918654767024, -31.206335637741706, 2.360266694523732, 16.84700898475002, 14.098292723685992, 3.5021724071355282]
Helper 9's score: [-32.049125983334335, -30.4859835617226, -30.210918654767024, -31.206335637741706, 2.360266694523732, 16.84700898475002, 14.098292723685992, 3.5021724071355282]
Helper 10's score: [-32.07597836100637, -30.511512422357683, -30.23532506888268, -31.23154621671517, 2.357639167041935, 16.828254333338712, 14.077143340993697, 3.4969186657113296]
Helper 11's score: [-34.462592569249736, -32.78049367445013, -32.397973689330826, -33.46545176217116, 2.0375624184840717, 14.543624434829724, 12.059240606389992, 2.9956492272112083]
Helper 12's score: [-28.373986100413248, -26.991986306379495, -26.826974658805124, -27.71089435957174, 2.863307683098967, 20.437593080135304, 17.276789444775805, 4.291746274762042]
Helper 13's score: [-9.34709088529922, -8.902900781158767, -9.417602688412309, -9.727902476448534, 5.443761635020515, 38.85624509671524, 33.58162956473147, 8.3420495483584]
Helper 14's score: [-0.10950486432670026, -0.12062276413264961, -0.41818280397686713, -0.4319614735308672, 6.777332876605661, 48.37495191951463, 42.11736876543329, 10.462421914650658]
Helper 15's score: [-8.839840653201511, -0.12062276413264961, -0.41818280397686713, -0.4319614735308672, 6.777332876605661, 48.37495191951463, 42.11736876543329, 10.462421914650658]
Helper 16's score: [0.36616751605115105, 8.631633830375227, 8.99191465636245, 9.288188485724785, 8.172117434072476, 58.33058448678074, 50.62831971726006, 12.576636604766598]
Helper 17's score: [2.8005379562596584, 10.946017474955415, 11.235853136091873, 11.606062303104743, 8.50578248139404, 60.71220435336862, 52.4653208342786, 13.032968073405408]
---------------------------------------------------
Helper 1's score: [0.04104422118054727, 0.0212380797181138, 0.030423628216347507, 0.023687716461404072, 0.03973919723208943, 0.043161653506384005, 0.012197520211118881, 0.038483239040824464]
Helper 2's score: [0.2728435900796786, 0.14045804517593824, 0.2012162643330834, 0.15666618665764237, 0.26283176910820566, 0.2854676123038994, 0.08067392533771864, 0.2545266496302257]
Helper 3's score: [9.089548937463677, 4.924607238248921, 7.055752657859219, 5.4935810808837395, 9.214773272682653, 10.008376586285285, 2.828045588461503, 8.922498386180571]
Helper 4's score: [16.142913215370875, 8.751926592707306, 11.853928133327514, 9.229421506842009, 15.481132325184767, 16.814412868072257, 4.476468586335774, 14.12328142811078]
Helper 5's score: [16.142913215370875, 8.751926592707306, 11.853928133327514, 9.229421506842009, 15.481132325184767, 16.814412868072257, 4.476468586335774, 14.12328142811078]
Helper 6's score: [16.142913215370875, 8.751926592707306, 11.853928133327514, 9.229421506842009, 15.481132325184767, 16.814412868072257, -9.260389729283148, -29.216577254640946]
Helper 7's score: [16.142913215370875, 8.751926592707306, 11.853928133327514, 9.229421506842009, 15.481132325184767, 16.814412868072257, -9.260389729283148, -29.216577254640946]
Helper 8's score: [16.142913215370875, 8.751926592707306, 11.853928133327514, 9.229421506842009, 15.481132325184767, 16.814412868072257, -9.260389729283148, -29.216577254640946]
Helper 9's score: [16.142913215370875, 8.751926592707306, 11.853928133327514, 9.229421506842009, 15.481132325184767, 16.814412868072257, -9.260389729283148, -29.216577254640946]
Helper 10's score: [16.12370596064728, 8.741504289980096, 11.836923828749349, 9.21618202262906, 15.46002140694332, 16.79148381560506, -9.264786243937126, -29.230448281000985]
Helper 11's score: [13.97126277408992, 7.5735386011687735, 10.214212329857915, 7.952745275011092, 13.407436092156754, 14.562123830507751, -9.938400255636147, -31.35570395467732]
Helper 12's score: [21.02462705199712, 11.40085795562716, 15.697841444678824, 12.22227719039197, 20.568989295016312, 22.34045100969286, -7.740502925137118, -24.42132656543704]
Helper 13's score: [38.65803774676512, 20.969156341773125, 29.406914231731093, 22.896106978844166, 38.47287230216521, 41.786268957655636, -2.245759598889549, -7.08538309233635]
Helper 14's score: [47.29174949922101, 25.65400895806161, 35.89688554982175, 27.949172948897374, 46.73612568038841, 50.76117796407933, 0.3893558424159833, 1.2284196866488628]
Helper 15's score: [38.90013965456481, 25.65400895806161, 35.89688554982175, 27.949172948897374, 46.73612568038841, 50.76117796407933, 0.3893558424159833, 1.2284196866488628]
Helper 16's score: [49.495925836067016, 31.4035287517846, 44.2588238000705, 34.45974495993813, 57.44471846815438, 62.39202618547446, 3.6362503896743794, 11.472388693446893]
Helper 17's score: [52.95717147842764, 33.281681065430895, 46.94545955083085, 36.55154891726123, 60.891475829281845, 66.13562840453066, 4.70543091632116, 14.845658757573178]
---------------------------------------------------
Helper 1's score: [0.04596081172893664, 0.008850544337101494, 0.03848571381274645, 0.0038796297608811874, 0.03752318867664931, 0.04294028812846675, 0.028566243126764024, 0.00634006422115091]
Helper 2's score: [0.3055051730475289, 0.05854933465459176, 0.25457790307526107, 0.02566323737787589, 0.24822305461343688, 0.28405820137194454, 0.1889718430022439, 0.041940888597316685]
Helper 3's score: [10.2443991854806, 2.0534670820156276, 8.929211252434612, 0.9001270935155964, 8.70670519836193, 9.963663618490372, 6.6282218697858175, 1.471084319348487]
Helper 4's score: [17.20162499418375, 3.449909505168353, 15.001454596986159, 1.512251792812001, 14.627642698985877, 16.73938741047327, 11.13569688853432, 2.4714847208743063]
Helper 5's score: [17.20162499418375, 3.449909505168353, 15.001454596986159, 1.512251792812001, 14.627642698985877, 16.73938741047327, 11.13569688853432, 2.4714847208743063]
Helper 6's score: [17.20162499418375, 3.449909505168353, 15.001454596986159, 1.512251792812001, 14.627642698985877, 16.73938741047327, 11.13569688853432, 2.4714847208743063]
Helper 7's score: [17.20162499418375, 3.449909505168353, 15.001454596986159, 1.512251792812001, 14.627642698985877, 16.73938741047327, 11.13569688853432, 2.4714847208743063]
Helper 8's score: [17.20162499418375, 3.449909505168353, 15.001454596986159, 1.512251792812001, 14.627642698985877, 16.73938741047327, 11.13569688853432, 2.4714847208743063]
Helper 9's score: [17.20162499418375, 3.449909505168353, 15.001454596986159, 1.512251792812001, 14.627642698985877, 16.73938741047327, 11.13569688853432, 2.4714847208743063]
Helper 10's score: [17.176559535280084, 3.4448784092787985, 14.979577548548907, 1.5100464329579426, 14.608822737451518, 16.7178504729327, 11.120045205004168, 2.4680109466608076]
Helper 11's score: [15.314732776122113, 3.071175737763271, 13.413811581005259, 1.3522062464457891, 13.082637263420066, 14.971334616907555, 9.957764548013996, 2.2100514391533213]
Helper 12's score: [23.26584798606857, 4.6671099356521, 20.35351826049274, 2.0517773313559653, 19.84942297841886, 22.715018950602296, 15.109164569440855, 3.3533661837542574]
Helper 13's score: [43.14363601093471, 8.656945430374172, 37.70278495921144, 3.8007050436314063, 36.76638726591585, 42.07422978483915, 27.987664623008, 6.211653045256599]
Helper 14's score: [49.1551673139469, 9.863569675505811, 43.80824374600947, 4.4161780923669625, 42.3002041110224, 48.40694558430721, 32.19987007007359, 7.146520571538229]
Helper 15's score: [43.66566039264669, 9.863569675505811, 43.80824374600947, 4.4161780923669625, 42.3002041110224, 48.40694558430721, 32.19987007007359, 7.146520571538229]
Helper 16's score: [50.149056715190206, 11.16490585746305, 50.326523711739576, 5.073266410069585, 48.233932514784556, 55.19730686008476, 36.71708251239, 8.149082121469009]
Helper 17's score: [52.716452591997616, 11.68022915125586, 52.59902105002273, 5.30235007337445, 50.44884683937755, 57.73198108773317, 38.40166333462751, 8.522962248138464]
---------------------------------------------------
